100
-39384 12778 57794 -5387
46650 52363 68691 -57764
-40541 -9173 -5212 2568
-45783 52863 24068 -63930
-54023 3070 -21394 -65012
46230 24422 43785 -45199
-68316 -46414 -56092 59957
-46863 36997 2306 17085
60337 50847 51314 56125
69583 48815 -45435 -34044
-31088 -47277 -35789 25404
32755 -59933 -69677 -67740
-26227 48095 -796 -11435
67468 -20098 -13318 -16653
-17302 14287 53866 18445
8441 28032 38098 44482
50710 -24568 9498 4587
25307 -26220 31529 35733
59504 -8271 19709 36341
57797 12619 42847 42922
-32380 -27765 -9842 -25194
-57035 -50125 -46988 43744
42228 -9860 31433 -66438
63276 21475 18859 36030
38236 -45819 26144 35929
-28777 54444 -54614 -18607
-32905 -65129 27370 -59918
23325 9471 28491 69773
-15645 67506 -22955 -7670
-48543 10198 -19356 36349
-33623 69300 -45747 -34341
-23312 17606 -65662 24879
-39321 -29445 8523 -66709
-28283 42925 -12063 -52601
63453 -59380 17469 60974
-43882 -68934 48661 27200
-68900 32960 -22814 17191
-12927 -5085 -22091 -23377
15937 -7446 -59180 -26888
-53349 1660 -2337 26343
38207 -7714 65322 64820
-37722 55940 33941 -51706
-21128 -35985 -33921 42423
41397 -25631 -49293 -67673
17626 31223 -6641 43899
-2299 -10525 38210 -38820
27733 -45995 20380 -55274
38851 -11861 -15580 11994
37622 22505 -21962 41327
-48945 -13203 66785 -52843
9529 -38873 -69959 -68037
-57754 33304 -42134 -12891
-17568 30369 -54501 63789
-6250 3304 35364 -50254
37687 -51153 -65976 29158
-35437 33415 -60461 40029
-58051 -47557 24795 28700
-1040 10429 64501 -57648
56160 -22536 -64340 12216
20505 -60050 68286 65344
-53178 5239 36950 -15368
42293 -50744 -62830 -21683
53542 -53827 -2262 30361
18024 10082 3191 48997
-24678 -40691 64525 -29615
-58206 -26313 -25101 -52727
-44917 55579 -8947 -22648
-59052 19632 60858 -1313
29215 -53513 4413 59611
-46190 66356 16621 -8988
-38339 -37771 56857 -50607
45850 37206 -45218 4946
-56874 50874 24290 -6608
-32758 24472 51101 -63619
-28026 43075 68158 -13494
271 33418 65570 -2623
3174 -66432 -46683 4293
5058 11522 38575 51948
59232 -10538 -25055 54099
-51082 -23517 32232 -51797
-32339 39219 -3971 64813
24978 -41537 34177 59208
-24858 33500 -128 -5237
57819 50564 31245 -31806
33292 -48956 -43590 -68994
-2806 -14823 -16718 -13094
50127 21487 -40544 7815
8180 24763 67089 -55711
10295 20347 31138 5154
-12574 926 -46711 -47218
36964 -7091 -48131 58572
49634 24790 22605 -29806
67869 -39486 22196 -62950
-40968 16764 30597 -20866
39037 -27771 -19212 -2533
52380 -68271 14173 -14235
-7284 -17399 51064 -16951
-50574 -16060 -4048 55083
-41233 12955 -51899 -35641
-19160 39263 -61042 -21724