932
884
3887
2278
1916
294
836
2387
1993
1150
3422
3363
4028
4191
2060
3264
1427
2041
1927
1673
3737
4212
369
2068
430
783
531
1863
2624
1568
1136
3930
4303
523
3559
3570
2668
4394
1457
2012
1043
2230
874
2422
1920
285
3038
699
2325
2316
2371
3414
2027
92
981
2457
874
3363
1671
3497
2282
2806
2926
2085
3328
3837
3006
3347
3730
1814
858
2125
1396
3583
46
3315
3868
435
1365
3544
2751
1088
4309
277
1179
789
85
3904
4152
1755
2900
1933
61
3177
1369
740
2513
1727
4087
3595
3540
2296
3071
435
1379
468
1102
2598
903
4318
3493
3653
2757
3302
1281
1287
1442
1366
690
2945
3120
941
2230
532
4118
3598
1272
3982
2676
2710
428
3568
2357
3498
1354
1087
3966
4307
3684
2220
4125
29
1372
4233
3330
4
1020
271
1369
1709
3216
1841
2650
2797
4224
4119
3746
2847
952
1922
1056
1380
989
765
2229
2342
1851
1694
4001
1035
1265
3625
2915
4488
3357
1744
4492
1728
3866
1360
3437
4433
552
3438
2729
276
408
1975
3122
1359
3896
1530
2738
2236
2294
2319
1929
4144
4012
1429
2530
777
2405
944
764
3114
39
2607
341
3905
1319
1129
1189
1870
1918
3918
3997
2325
3244
4471
3684
4491
1500
3773
2226
1145
1591
1506
2640
2955
287
670
1083
43
3465
3698
508
856
1805
849
2112
3123
3829
3300
2344
1247
69
1841
923
3312
1811
106
3302
662
1231
2879
1806
2821
1737
4445
3127
2023
2466
4209
3917
3283
759
4425
4138
2563
2625
3601
3037
1953
2400
880
551
2469
72
1474
3132
1882
3431
1934
4395
161
2164
1700
2982
3900
3497
3460
3274
3314
3169
2691
2096
3927
4467
3585
3841
2591
2685
2377
43
2437
608
2446
2257
680
3919
888
4413
2849
173
1660
3010
2337
711
3343
3588
4207
2302
4214
373
2822
4256
4320
4100
4222
3405
3440
2312
3441
3168
4206
3229
1128
2151
985
3659
3421
3725
923
1770
3897
2582
2131
3585
3293
973
2673
351
626
2386
723
800
2141
543
399
3714
1299
1191
1525
2091
1710
3082
820
2837
733
3656
1995
1505
2880
270
3274
2277
2851
2756
1361
1643
1080
1385
1994
1706
1122
68
2505
614
2462
255
4327
3760
1445
3203
3203
507
1785
4022
3343
4369
529
2690
1373
3409
2959
1999
3037
1309
254
1749
304
1334
3134
4149
391
4255
1568
247
369
4030
501
2047
3289
3798
750
1991
4304
2534
3364
498
4254
3893
3187
1126
153
3497
476
3189
2158
730
437
2461
3915
922
3961
4305
2529
1028
51
249
557
2403
2295
1198
1700
3044
540
1503
2929
3904
2001
2682
648
2539
1160
2652
1536
1635
1340
3693
4216
3628
3505
3630
50
2965
786
4430
1344
836
178
1901
3239
2472
450
2290
2868
989
3793
1296
2244
3145
1330
2891
1183
4341
1042
70
3327
4233
3762
3043
3361
118
4024
762
3082
310
691
4426
2997
868
3678
1735
691
4127
4025
3558
615
669
2206
2859
3813
887
3101
2347
727
1495
2417
4053
3079
3530
4447
3791
3648
3971
52
4081
1632
2594
1358
128
813
2387
3715
3356
2013
591
2413
4480
3111
1970
190
4275
2856
642
2121
934
3988
1889
2339
2567
2771
2285
1857
1918
3607
3761
3350
738
3706
2060
2718
19
4446
3784
3374
1959
4374
3138
3790
2984
608
3979
2758
815
1972
2230
3601
1460
4119
1439
4026
2389
1075
3234
1658
182
2494
2359
2771
1700
4418
2840
3570
4364
2123
4295
3674
3848
2932
2963
4183
891
4293
4292
3558
3616
2022
2658
575
3492
1448
1952
3232
2522
2538
2241
55
531
99
2826
4082
17
3017
503
1732
640
297
905
1839
581
1219
1522
1471
2863
1313
2380
1978
686
537
4405
4177
1984
3708
260
1858
1745
2500
1912
4128
4451
237
1061
1819
606
1564
3550
1245
3712
1806
435
4292
376
1956
3115
590
3269
994
4419
1306
3383
4323
983
2718
3531
3094
75
2627
1094
1987
2254
1044
4075
3315
214
180
378
3763
3276
4089
2920
3711
1233
3295
3018
4347
1236
3638
2692
1154
444
1574
2829
1426
4292
3711
19
1718
1837
2964
1056
4091
1359
631
2905
1572
2662
634
2686
3290
2074
1105
4352
3306
1751
2869
504
2986
2007
3196
4140
2450
2121
2468
1227
3764
1678
3097
982
866
1561
2037
456
271
19
712
1843
33
3197
1880
3322
771
2985
3173
1428
235
1541
3784
573
899
4331
2064
3348
1951
31
74
1215
3560
523
4048
4425
2083
3436
2233
4205
3455
2944
3399
3487
1641
779
4160
4263
3763
184
3042
1349
1724
2325
3773
2623
2155
1336
3322
1458
1366
748
2672
2277
1270
2219
2202
704
1154
4434
408
1960
229
3807
2798
3721
85
4309
835
1199
4492
3877
4399
1716
3553
3672
1690
3060
507
511
17
3725
3110
40
1501
4379
4110
1054
582
2615
2839
990
1927
3068
2148
224
2288
2232
33
3123
782
1876
4351
680
3591
755
4351
2632
3814
358
495
1182
4082
3604
1221
2934
3483
2682
3988
1416
797
2326
2405
2723
893
52
298
533
4135
2182
1007
416
4058
2709
1096
500
3463
2798
484
2777
3155
978
1310
88
1933
4383
3022
2767
2564
4361
4183
712
2186
2087
786
431
3991
1084
2815
977
617
3821
1393
2026
2029
4340
2526
991
2637
361
1119
3144
1338
2429
583
622