10000
4289384
6930887
1692778
4636916
7747794
4238336
9885387
9760493
6516650
9641422
5202363
490028
3368691
2520060
4897764
7513927
5180541
383427
4089173
3455737
5005212
1595369
4702568
6956430
6465783
1021531
8722863
3665124
5174068
8703136
1513930
1979803
5634023
5723059
9133070
5898168
9961394
9018457
8175012
6478043
1176230
3377374
9484422
4544920
8413785
6898538
4575199
3594325
9798316
8664371
9566414
4803527
2776092
4268981
1759957
9241874
7806863
2999171
2906997
5497282
1702306
4420926
7477085
7336328
2660337
9126506
5750847
2621730
661314
3925858
1616125
4353896
9819583
1100546
8898815
8233368
515435
5990365
4344044
313751
7171088
6426809
5117277
9947179
695789
9393585
1705404
8502652
2392755
4612400
3999933
4095061
1549677
3993369
3947740
4210013
5636227
9698587
9348095
6297540
6140796
3480571
651435
5960379
7097468
2066602
6710098
7612903
573318
3570493
7926653
260757
9997302
5560281
2724287
3209442
4953866
4429690
4228445
7346620
1558441
744730
3958032
3108118
4738098
7905772
9834482
2890676
120710
1698928
1704568
8777857
5179498
4872354
7254587
2276966
9455307
3964684
2406220
28625
51529
332872
2805733
48830
8409504
5530020
3258271
3363369
9959709
7486716
3226341
1518150
747797
9700724
7142619
8002246
122847
9493452
892922
243556
1192380
2597489
1537765
8888229
7469842
8792351
1165194
9441501
2757035
6087765
9470125
5324915
8936988
2275857
5373744
7346492
322228
1148366
709860
281937
1151433
6452552
4316438
1899229
6153276
3975408
9901475
6276122
3468859
794396
9036030
4661238
5908236
573794
6065819
5894429
9366144
7231012
5335929
4639530
3318777
7322405
9964444
2255764
2114614
7854539
2118607
2436841
9002905
5344819
5235129
2670689
1797370
2067918
4569918
466997
6043325
6987744
9259471
9512184
298491
8295500
6689773
6206726
1385645
2755591
4617506
3268140
2502955
2469787
7907670
8338083
2308543
388465
3110198
6939508
759356
5228805
9376349
2278612
573623
7127829
4949300
4887344
9195747
2035569
5354341
7755423
9023312
4613811
7267606
9321802
5425662
6473731
8044879
6811306
9229321
5178737
79445
4248627
7648523
503466
2586709
2473417
3408283
8213259
9412925
4167638
3442063
1305625
8962601
6532037
8433453
3911900
1419380
145551
5947469
9290072
7900974
7487132
3903882
7684931
6808934
1845895
4158661
7370164
8657200
3387982
2548900
1252997
152960
2713774
4272814
2739669
5187191
7681096
952927
7116467
4365085
6911341
8422091
3327685
3443377
6855543
9755937
7379108
9517446
8219757
6669180
7418419
5706888
3089413
5103349
5032173
7451660
9262010
2402337
8625211
5166343
7467588
9878207
5319302
2697714
6667373
575322
401256
6864820
4044600
7517722
1229905
955940
5939812
7073941
6915668
5311706
9346229
6811128
4829151
7565985
5996659
4763921
5789225
1602423
9867270
821397
9054082
1645631
5740085
7679293
6811973
3207673
73851
4647626
5905386
6741223
7739300
6306641
3606043
1783899
6340714
7352299
5256191
2280525
6942591
4688210
108582
6288820
1499337
4937733
6371156
7495995
2218005
2160380
1614770
2085274
2981777
668851
6247256
8721861
8348143
5575580
4445885
8421994
223206
2867622
7679568
7962505
1690614
3801962
2262755
8031327
1154260
7518945
2828203
613203
4723507
2936785
6902022
6222843
390869
5789529
6235190
2608873
7949909
7849959
7210499
3448037
8518809
3457754
4686249
9383304
9033334
9132134
321649
1772891
1999755
517568
2251747
3690369
4319530
4514501
4238047
5473789
4549798
7066250
6086991
9273304
3034
5505364
8012498
2910254
1294893
4247687
5519126
1761153
4613997
5245976
5209189
5649158
8703730
9895437
5032461
253415
1543922
7870461
2026305
6060029
8388028
4278051
2266749
2707557
1308903
6504795
697698
5858700
3571044
9301040
5132003
6090429
4806404
3144501
9000682
8617648
9908539
7036160
2895152
4522536
2282135
8104340
171693
3502216
516128
7720505
3755630
2060050
5590965
8298286
636430
6495344
2576336
2903178
9202901
3885239
9407972
2416950
2260290
5495368
1717989
7392293
1585796
9040744
3053145
3102830
7658391
2961683
2655341
553542
570
7453827
1174233
172262
956043
1690361
409118
7228024
6266762
6000082
5526310
6903191
2495426
618997
9806368
4214678
4504235
1730691
6631627
6764525
7226058
8349615
6673169
1328206
7390359
9726313
6947387
7565101
5204347
9602727
634995
5204917
7056553
4325579
7893530
528947
8532291
8302648
7756971
4799052
6819081
5799632
4218594
1830858
6418628
6541313
8561887
3439215
788356
5193513
2720091
8014413
6059480
1909611
1858970
5966190
4152275
8806356
6047642
9356621
925434
9198988
7077889
498339
3524567
7487771
1027285
2056857
5790418
1300607
9372261
5125850
7100238
6107206
9473060
6035218
2648519
8034946
1990784
3436874
3228459
4710874
3967638
1804290
6620484
5826608
7770479
772758
7149315
6334472
2645730
591101
5533460
9723619
1089439
9058026
7211389
4633075
3631234
5518158
5933682
3003494
3160359
5550271
9110700
2633418
4101840
4275570
668364
6092623
228795
6413174
3319848
4196432
8217463
2456683
2539391
8504293
5745792
2205058
7355116
8391522
2796158
2888575
631492
6401948
4462952
359232
1035022
610538
8393741
9485055
3614031
1554099
5035326
5241082
4187517
1653517
2033003
7372232
7746140
2261797
3785405
3582339
8974581
4519219
6039022
1513971
5539863
1784813
6235380
2894978
2692686
9031537
8299905
3324177
5433484
5279208
6199760
8984858
5889745
4593500
8469912
2020128
8663951
3505237
9777561
5367819
7675106
1810564
2740050
5421245
6588712
9041806
1519935
5563292
6077376
7558956
9593615
4133590
9343769
5828994
9544919
4552806
7376883
7844823
7876983
5326718
3124031
6593094
4311575
1530127
1186594
2781487
3550254
9850544
8803075
3327815
7734714
6478180
5138378
474763
4415776
1727089
2032920
5935711
9806733
8110295
6011018
9400347
4760236
7871138
7745692
4305154
2423944
5122574
4666329
300926
449292
306711
6894019
7277218
1836837
596964
2575056
5387091
2963859
1378131
8714905
698572
372662
6369634
3689686
7304790
613074
5722605
5756852
419806
6349251
1767869
2336504
1109486
9639007
82196
5414640
2062950
7721121
80968
4880227
686764
387678
4290597
7963982
4740866
4887561
539037
127956
367771
4433519
1359212
1066343
7322533
245197
7272380
4627322
858271
2994985
384173
3794428
9344235
2152041
8647284
2970073
4307399
1245831
901064
6370348
8966951
982031
1250574
9653715
3886060
8057523
134048
8626925
2945083
3189436
1271233
5829205
7622955
2630444
9411899
4945487
2875641
6684279
2089160
6250263
9679263
4989684
2561042
1539849
7141724
1208325
7026273
1449123
2454155
7927336
335822
3937458
8909366
4102748
3591172
5311777
2160270
3725219
3938702
7621704
6914654
5209934
3450908
7053960
356729
2862807
4515798
5748721
9547085
9121309
4515335
1742699
4110992
7076377
5798899
1252716
801053
2825172
5218190
5771560
752507
5554011
9709017
2178225
2173110
5816540
7490001
4333379
2058110
3945054
1955082
1489115
1671339
5405990
1059427
2028068
785148
5575224
7776788
332232
4696533
2292123
4591282
1323876
1884851
390180
2576591
5202255
3215351
311132
973814
3967858
8381495
3199182
6146082
554604
9015721
6152434
4887983
3590182
97488
9359416
5079297
1768826
4765405
6138723
3796893
5550552
4230298
4090033
8399135
1443182
8898507
2990416
2767058
3299709
3380596
7860000
8501963
9112298
687484
9475777
3080155
9068978
5191310
1742588
2139933
6723383
7895022
9544267
313564
508861
8903683
7909212
2277686
3669087
6564286
8590931
1735991
794584
5197315
2651477
4754117
4095821
5641893
37526
7395529
1538840
7897526
5897491
651137
1101361
7889619
6247644
170338
3080929
506583
4826622
9804311
917956
4370889
2634226
1426816
3274571
543438
6220854
9460009
7107723
4811784
3712351
418658
9098
6363828
7689127
6621270
4522072
7726652
6533150
6060911
8140529
2430640
9228399
9241889
2836611
7992394
1928578
8433891
8498977
6755200
754553
9416932
1126088
3388778
3360100
4400658
6448567
9580953
6377018
6072642
4392736
89369
6491299
6918185
6453196
6696777
6055806
975267
4423429
2588955
9552529
5080309
5019594
1297279
4322198
372556
9289673
6250775
8806446
305001
5522326
9560998
2238284
6648413
5466128
5598383
3565422
1914694
5179335
9942440
7987335
2088422
2548160
6994986
1522958
9001355
3691762
7578763
2492973
631542
167717
4561853
5711851
7703663
8375483
2550400
8076218
7665155
8801174
9399016
486507
6839852
1476365
2724791
3488264
6942492
8323173
9570038
1373538
6018860
2028829
9360872
8107281
4576988
6355857
2146591
3578342
2563971
9725353
8587666
3195512
9893070
3149518
8907362
113084
4041352
3974113
8189301
1706507
5291639
104668
4709365
2131490
1581033
7434155
8136105
1039876
8273680
7706142
2413413
4292539
9734970
4290637
4916171
4311957
3162845
7062761
406650
5726815
9304466
8994315
8922327
1713887
4660184
346040
1826970
8701536
4320153
2532622
2924394
9611791
2637290
150110
4259632
6734674
7584265
2395736
7774549
8374296
101878
2704314
2666834
2353199
6994950
99356
6665156
157794
9678469
9588157
8400961
8982934
1098824
7323287
3213172
8275359
185678
5040141
9493246
7022182
7572762
4933991
9150324
210051
5084101
3409955
9461076
2668365
8322043
7235625
1042660
8423920
2456290
6225845
3293470
9451239
8841552
2474977
2125384
8520020
2063134
526344
19305
3161957
365982
3232476
3953667
3068012
788968
3446913
90193
8361730
8380903
1756869
1088132
3465003
7683175
549208
8649719
6005217
301184
9692378
6945488
2757473
8434574
238958
4725063
7276126
2713934
9366798
8312497
7293419
9893142
848154
2971727
2775475
6596981
6925394
5843486
7385949
372306
8450031
8264030
1269560
206899
9352161
4734563
406425
2417720
3384281
6411642
2718903
5593011
5873481
7992727
4027584
8628790
5234141
1303709
1342724
4600939
2132558
1152494
7010432
2980711
4124221
9785906
9577691
1049614
5629392
6963639
3938271
4079422
5227668
5207830
6802672
7096181
2458744
7209096
9513900
5843025
6137089
4749155
3952387
2010570
5258233
7979970
3155711
492374
1800031
4498434
7609664
3932588
8167280
4620095
9429650
2291500
6922352
9007340
5857465
2551743
8487331
2312087
9147516
6231350
7519916
5950187
5843882
2495012
5675635
7874134
854388
1812723
2623288
4806774
6339644
7881520
2786743
9495355
890245
7103125
6510140
1016260
3552064
4677419
5636354
2981713
9485270
2558706
4505405
5342734
7626800
2992735
7654820
6774316
1740436
7691088
5240854
100670
2702451
916488
7974803
3556838
5245563
598090
8363611
1585206
995961
3666705
3596912
4402558
769830
2623404
5418817
4321893
7300822
3571523
7303606
9302444
8646580
4325362
7161529
6273379
9834448
7332701
5564046
1574883
5023788
804900
1675552
242590
1721387
9650354
3799427
6966949
2764795
2163037
1068507
6277108
8346093
4665418
679665
9115922
7288821
6098481
5954167
7105995
2186355
5774124
6408438
832934
99485
6086318
7106313
9933932
3419018
5186710
4025166
959157
5991609
8217070
1201746
7712996
7867423
5001172
7196296
3148570
9680560
8264802
9425677
8026653
5446572
105341
9658926
5251744
8720173
5613092
4874090
906528
3903567
3798879
4255813
4003051
9885197
1362125
6453334
3304214
9065187
478500
4263371
5056795
8695569
5465116
5286142
9079343
2982640
2482438
4744264
2663199
3263591
4169940
3206203
1226514
6791632
2865129
6478258
5511805
994572
1352347
8934684
4898139
5151226
3190496
1417541
5036422
7068973
387227
8340635
6134159
865726
5120357
1190953
2077646
585473
8993447
3673340
3568112
1475884
8417604
8747662
7255826
2587543
4470217
8482340
9379175
7335345
4960597
7407331
846268
8829295
6342014
8260758
3980520
2048861
2194651
1533293
9117833
2581877
2390280
5251991
5963954
7510636
8959296
8041599
8096108
7952742
1714938
4180571
1944977
132541
5444585
9200802
2720084
9914801
199493
4615610
9766497
7676441
2022940
612764
6505736
881305
1389874
3002607
2930165
3584524
7052252
4564350
8682752
9442531
9816340
4646705
6953166
1291987
2688303
7565626
1761080
6919592
4262548
6222408
9568485
9707132
7939562
4804920
9621932
8139054
9420529
9388428
5815495
3959820
2517544
4837582
4841124
6423769
7840188
287640
2524644
4892439
4851989
1207395
6851321
7184681
5854099
3804487
993019
1058753
3886464
2754099
494696
8149011
8976506
63180
7856143
6916067
4868099
9994426
7571473
6804979
9382854
3386967
764798
4416749
8224548
8122273
840517
8581087
8409913
3365160
5989878
3261901
4572554
2841198
2962933
2943004
9162036
3955952
6518108
3048499
6710050
9529155
3713862
8202907
9592335
1570004
7635326
6976785
1564429
5206798
3781764
3463634
1110116
4546561
7880382
1851015
5185186
8720898
432101
3595098
4602409
8938330
9373350
1691314
4295880
4852635
4634317
3457915
8808586
3668776
9022766
8034987
3197931
2736627
6237893
5306617
4306630
6389570
4799753
8387410
1596367
8581516
4367396
5222834
5644429
2247777
7073848
829614
3485027
22301
6941063
603787
8960630
8830764
2295101
3256509
3683398
6929417
9230776
2491983
3114545
8253541
3043321
8828827
3506519
1797566
6651795
329500
8187135
1451547
8716909
2299854
33063
3084304
7522687
8193843
7848433
4596535
1539808
3849811
4618835
8480870
4453597
6095816
9827985
6748697
9352325
3511383
6194466
1099452
8519717
1825362
1869344
1563038
654188
5375862
3360603
7305982
5705361
4064089
1273880
6938621
6363942
3823294
22925
3886629
2017136
387709
8483163
3556943
6753871
3101997
4554164
1207467
9197812
6898501
472516
1066488
2926235
9183333
4682291
1445951
1008694
6551634
5525340
1662881
1927495
1402294
1485214
7632855
5466383
5275445
4571476
1830324
9098739
7110752
5716952
1115874
14812
6716466
7189169
6768682
2334814
4259684
492500
4048978
3674536
965015
5115465
6600770
148347
2314108
563073
3673392
8865741
6088412
7852624
3309588
7058
9337837
3458794
5473440
4613282
546621
9820115
6228372
7657372
8053419
9860597
188535
4769884
7049765
9473568
7104698
3825801
9966068
1153675
7500336
3447434
8785491
6617458
6112133
3615950
7180530
9785524
2481691
5785293
7638148
8307630
5792350
9492336
1766423
3782141
6621969
2313044
3602256
2850340
2486767
4172026
2710937
5191654
1458261
2277053
4665221
8562958
8619205
4631288
2232984
6119541
8078722
3534827
2736998
6707206
9667128
2433879
6492729
4665170
8219171
6647228
2972799
4011521
6139564
4739222
7793661
5277884
9568617
3912268
8128224
2055383
8084293
3355512
7247036
9542554
5632564
4428609
621863
4251769
9059896
5371199
2887661
9654969
1422377
8141010
6362174
1089504
574888
5371255
5754674
8794058
2018482
1243824
5321930
674397
5983045
5631943
5952281
8068013
9544210
6596856
2639748
144855
9952367
2403135
2203760
8101282
6831743
5341974
4869402
5891639
713172
273414
8062959
4651900
8414423
6941485
8257756
1505662
4829091
6528781
2816072
9363924
7772604
8138001
38321
6272001
3769943
8506953
4340013
5830505
5103808
6979760
5975359
7572526
9382895
8179118
8190159
6214637
3521091
3059561
4622627
6750615
3332974
5201938
3918866
4263749
2143422
2176621
5769410
9488864
8705401
1101833
8852787
6478005
9239834
1407459
5266357
5526128
9914411
9606369
1356632
7534570
6586129
9848342
7623447
8485375
8027459
5813606
4700011
4064902
8873166
1838990
3331868
4722491
7040927
7250733
8986239
1700700
1943706
7272001
1189563
3165458
8373833
42349
9643462
130018
1449808
7426170
8172498
3880570
7032539
9529129
1415140
6135019
9377471
9038586
4620393
9921281
7368543
1836755
6502534
6241708
3675744
9834401
3480551
3233022
9601486
2466789
4933721
1545191
2255141
8639635
4710648
3145326
8681984
6870462
5791695
2648143
4296631
3964192
9045064
3845521
3493321
2976555
9980539
5387143
4531493
4600931
5308423
1900035
6437686
4327309
658095
2629781
4161709
4138645
5862803
6279546
9121785
796523
341088
1376926
9436158
5051736
7038603
634493
4438549
2830297
5798987
1251531
9310841
4844050
5097052
5320513
336957
5077590
707655
4868449
2194873
8532429
6768483
8632558
5376089
7426577
1262338
9537798
1565221
7125140
8333695
687006
438015
8674783
4580283
2390524
6242870
4135237
3025016
681418
9481885
1340354
4449300
8792725
8700755
9546351
4113237
9037711
7140293
7337243
3906159
9335165
8386024
674642
7967722
3762112
617570
1746411
5816261
2182791
1387903
4149956
5386148
1825917
5341090
2482782
4216440
1583959
6618018
9757807
2265376
6099902
3614512
6714675
7408979
2315266
8777378
4038567
1352977
5917670
3892162
5259135
5252834
4794537
8450128
5736907
1073000
9067698
7483317
6889261
3766840
1387571
3555568
9152987
3213487
1413009
1635768
9946278
2996967
770137
2220436
7778694
6870038
5834947
7009720
6795368
8150213
5787097
833935
2019541
4221118
4726096
7278675
9473951
9520632
5728803
7727209
593631
7312852
5210526
9999243
1079691
9114448
6071162
232677
2327935
7484170
4384796
4790564
481136
5154932
9527352
776181
4541321
5362298
7785901
1336689
6028862
3572997
4686975
8048402
7794115
9413070
7843429
9784417
1450053
6088583
7511626
2043683
3401434
5238503
4559278
4481124
4352950
3146791
7230152
9197236
630961
1614947
3987800
3628448
9286230
6031503
4404629
3827550
1393800
2190529
7680590
9939014
8279877
2367564
503767
6073991
4296985
8347195
8374760
5747037
4435777
5886385
307072
7837210
3641239
7382701
4834685
510540
529491
2064836
9707776
1160451
3679782
6211927
7305251
5482363
2243429
1709879
1826265
6153580
6416759
9506854
8608945
4696635
4390770
9112712
3286978
1204106
9976258
1661737
6951143
4412035
64473
9774566
4765596
3705711
7157266
2116633
4216250
203108
4181468
6440377
1363559
377602
2652303
1185161
5859964
7412083
2895039
7686228
6082015
9311797
9709434
4690959
4008431
6616555
3803670
7295408
7820660
3779928
1473496
4771802
708314
1537968
7062719
7990261
7760030
6736336
106893
4492632
6939444
6804713
933008
819354
7182314
6101663
2004514
5558629
6030097
4899552
3244857
2112111
6727700
5470642
6803070
3252482
2087196
3123091
547890
9907855
9419370
4537737
7196009
127683
6075705
4258727
634296
3835734
3511415
741188
8328365
450858
62252
1777725
1270211
7244565
395739
3274724
2803194
6425835
690627
8564402
8537946
7418326
6551395
7857367
670807
8638590
980457
3735048
1062796
399827
8272785
8258804
3043861
6864841
5033883
3678156
700574
1061649
6935696
1545291
1512506
6997947
5839367
5299068
6758864
6235105
8573791
2078409
5177291
1780769
3159162
3715236
9199094
9710556
1572602
2386252
8349145
5069411
8637652
1928292
7985589
6910436
2703448
1029449
3775276
253682
7223957
6992201
1315330
4159652
1053843
2827835
3673950
9409561
8126902
2949165
5644665
9217044
5027573
821956
997812
8186734
7053543
2713257
413641
1142497
7615860
1279137
8728259
6253511
3207429
6713847
5680298
5910876
7743295
1971925
6164557
4967251
8964126
7479886
1643254
2534320
2824072
7833556
1943881
3467325
782720
104897
2684368
8326645
3443204
6198531
9029730
496747
8911787
9443371
4155595
6527646
3238859
2883853
5297509
6446287
9597699
977806
4873514
9857345
2949731
3554422
7340948
4430208
3550659
8984201
9480879
6374730
9334108
1424759
9842054
2633180
4046008
5042773
3476176
7489211
1241303
2505905
502309
2669441
4465627
4657903
9197087
7704486
58107
7010947
6667124
9655805
7988752
1540638
2029502
3454834
7611411
9370449
401393
1162070
871001
9882272
53151
205109
3823382
2411557
2838288
7869389
7454329
6314463
7874952
1211984
1336719
8377260
3881424
5802346
5551515
5594862
6023183
8125973
2605808
5206658
298130
3110912
6747295
2327631
6565745
6875058
1698079
6967138
8037127
2569079
9365761
606629
2774187
3189142
3018185
8128826
3574883
2988866
6959640
1449834
4200849
8296359
2343445
598624
6615056
411311
6193486
5154590
8537284
1315645
361247
8835413
4426556
9624894
1163043
992301
6499951
2861121
475790
7053429
7946551
9841550
7660057
720738
5547043
678242
1365915
9121925
6183459
8325555
3088110
2900659
9138265
5431555
3499282
5753320
8359217
2209119
3424261
6896500
3524764
3785507
8248264
7951319
3410400
9411306
1459971
2426702
4788778
4452112
9480130
2735329
6810013
7140187
5972418
2357056
334780
9854684
1478980
9034590
8180238
4567090
1935248
9834854
2514996
7950881
8104525
874212
160000
1528785
7770712
6201115
7830644
8535327
6668785
1241043
7946633
645108
6184097
5251762
5097219
5664226
503442
1907232
5320764
8992211
4264287
8171895
8846895
8259618
9722836
9543484
5343059
1658083
9378338
7858054
2125316
9999214
1248618
2285315
1527999
1535681
1002781
9358642
71007
7671565
3116036
8017639
833024
9300132
5785753
5930243
7480710
8805546
353826
5317825
7797757
7134464
6006072
9161003
5394081
5728907
8704486
3253492
7386990
599175
1111545
2028657
598389
2360162
4313971
4642739
3895842
7833103
4001380
3966849
8021019
9633767
4500839
8854043
1450251
2802943
4784285
8930960
1608489
7654462
6765136
1922597
4788925
2771207
1083599
2699357
8500114
2304436
5952848
8403455
5419963
9580745
432111
8534703
4457258
7262433
3177441
869452
7611887
9695172
4836300
5632905
1845290
1853490
4486947
3295540
7172785
1787583
4742851
8781273
9442044
1507987
703869
6747320
4279193
4303819
9446677
5295658
6608254
7915876
6215464
2028216
7496620
9163926
3079270
1953878
8942710
6256710
5339681
6554596
8468233
2692332
2187501
313523
4545821
6674447
6125414
4234957
8462030
868265
3016229
420425
2376251
6236449
7167745
9171795
3056619
9130773
6983805
9664873
7046648
3199268
4209440
7059620
2363194
7288710
1529849
3822255
6061771
6869529
376851
7046356
9561860
2564351
9876230
6624032
1755149
6001643
858989
217178
6869907
6391569
3153955
1762509
5144370
321699
934304
8200988
9452471
7918108
382212
9015470
3633727
7108004
8591441
8513272
6913065
121289
2335527
5491187
6990817
2712377
2537542
9069028
7793079
4930123
5693060
9548227
931766
9068400
9765405
318024
5459968
2919359
2080533
3120689
5757409
5531188
1321677
7726231
3449295
4220240
9258052
9599373
1328243
7849493
8112645
8241307
7970781
2964523
3732494
7477950
5676899
8786387
9063329
3469977
3716510
4756388
3018203
7164627
6341139
5299959
7482650
4317459
735669
9563182
7438147
9009429
7610721
1276175
6735659
1060015
5496415
8510063
3175740
6824657
6359555
3804736
7582316
4330335
6769258
3831161
4324636
4962508
2617547
3387965
8432484
6334056
660704
3967038
6015034
7001843
1783349
3497684
1319301
5035369
5577217
8757447
6561150
3187938
33622
5813160
6764304
8046388
4323222
9940043
4871044
682776
3744778
4969711
7529463
3030387
8800871
1854098
7992894
1418418
5242062
8941729
268825
8419118
2908767
6283859
5420960
7208467
2297894
6740260
4760187
7875110
8014058
1321336
1063047
564031
7134496
343703
8610418
1457717
2800097
5997814
2140493
6544875
967524
2186307
9575261
9768395
4040404
84507
3703164
1798818
9026235
6488340
217935
4451353
5288550
5638894
1659819
7586443
4895505
6420006
7977905
5425914
257693
1557303
5989945
7392188
1901005
4600362
1366257
4701102
3114527
3506749
3762328
4082051
5693055
5853940
6366797
2249810
5938446
2586312
4048627
4964681
1591003
6782913
9416033
6879553
4938158
3592204
6982347
9833662
2528561
4960251
7775928
2786253
6517554
3765872
178441
8418558
882585
4061049
5636011
3997112
84149
9398338
595514
8293555
5252278
9478662
543364
3707075
4581325
7108343
8671755
6172327
3891255
604140
3051879
1345765
4196343
34226
3695778
6724903
7510828
1471705
9511155
4028381
5237576
2205947
4963291
6120161
6266995
599301
2633624
6351143
2513991
5745489
4644697
282620
5224150
7704413
3989694
2321826
4812755
2661449
8494152
1220361
3265588
4062383
2566125
7461930
6612960
6261903
6703184
4123787
7733607
6214338
8152168
5487535
936637
5631810
4124047
7203631
6231110
6757670
6071126
1261452
2503158
3232174
1544071
243659
936586
5533765
2565484
5749340
711565
3575987
9486053
6493504
7638369
2052177
3955433
4251328
830431
3174968
891467
8564038
9389305
9043634
4051572
2842293
7191795
8175618
2562276
5939256
7449639
8633401
7200708
2469148
1865574
8744778
5229158
2802160
6794894
310993
1067851
7506458
3886979
553903
3999961
1525348
5122432
471745
8293027
5952862
3646712
9184493
4516899
5552369
744478
1084822
8394661
7936272
1776791
3473288
6391880
1742781
2106688
3592587
6728280
6488614
2337364
1957437
1807125
1648610
2268429
2874975
9155067
8671760
5945230
3155028
2713459
1067661
3626772
1006485
9536874
9789836
2707330
6570125
5342204
5968159
7654946
6253216
6420783
1948089
9726504
2812662
3690869
4349543
6405248
2935501
838156
1258963
4892937
5161632
2907572
9677718
552959
2062639
8349477
6498188
7734018
1062935
82200
3877141
4585771
9619073
6183328
9809452
6189197
4041883
5777611
6360495
295099
2198393
8308583
2537954
5011054
4515803
9403848
3932653
9967655
2758356
5191615
4860592
7919987
615539
7054661
8472945
5194529
7920489
7487484
2928546
8983423
86035
9322038
6085545
9705108
5505366
5894997
8410656
9547248
1672607
4771150
2358698
6387351
5596084
7413003
1398404
2628239
6816851
5331056
2595893
9575206
3039022
9972836
7495192
6170912
7027496
8484489
1365440
4947984
8488324
6810337
6447758
8574359
8648727
2533303
8279466
4154092
944651
6690121
6217691
5133609
3977623
8576389
1520959
2090058
5989391
2919362
4718296
2806241
766769
9830541
4897798
6322142
9803376
4909342
2493054
9347224
3393830
6374845
6811559
1882153
5701534
3259317
456511
4350260
8308971
1252328
8504351
1769973
458801
4722041
6903581
6952775
5814781
8424539
9042832
1804172
1343900
6277480
7126764
4627020
6108020
2024562
3465513
8427747
9450255
8474918
7774970
2844084
4849763
4586529
7242588
551296
362197
215451
4901555
8671167
3984130
5922257
441139
4442930
644297
7344719
3912056
8975430
8285609
2954888
779601
9629508
1748719
422716
6772879
7856738
4963629
238391
8800836
4413883
8713309
6575806
9774318
6079423
3678686
9533258
9147070
4040882
9748708
4048624
5228400
3732837
9970880
8185890
692119
3131528
5530608
4604174
2106957
3816216
75413
5402909
5962075
1824131
8341977
5251305
2197220
5821957
8006047
998056
235840
9235707
90213
2526509
5315129
3768898
2059766
4462198
326131
1808473
1027173
5554530
8057662
3514404
3740419
1266132
9162284
1787378
8386657
3785592
8119945
8462070
1704853
6598371
2802552
46829
4366027
7516124
5868785
2372073
1030531
8620976
1607780
3637095
1147485
9439260
7405992
3207250
6417810
248474
7532075
7444982
5803003
5589736
3475738
2059773
6855867
2638021
6363502
7758875
6423612
4483446
6220944
644816
3598168
1539848
691644
7964194
1572323
9076781
2852618
5119205
214108
4460397
8756299
1361592
6416009
6162290
7085194
2833818
6410763
4617268
2795151
4730117
2723355
6270888
9306241
2095573
1425260
5669742
9854447
365224
2669539
8591743
1010039
6267706
131590
1701683
6748251
4220264
3294815
9600868
9339468
3508922
6577617
8095766
7386866
2993625
6774407
4472059
5827442
5701521
9089326
8622592
2947989
1812680
7409832
2254229
3908252
8835091
7923970
3762698
9200314
3109860
4870792
210353
1893917
7518733
4428387
8642167
1738996
7723201
759386
3594815
3748474
7337002
1690580
1135339
2846978
981338
5607397
8674419
6682858
7213074
9813363
9630846
1542105
7223194
4401426
7966708
8574636
4841747
1729406
7774950
7951606
9116549
501654
2361874
6635282
4930040
1004040
8374277
5169592
4279778
1969092
8918065
4133131
6176023
2569756
6980109
7157361
8177152
5654527
6356570
7906578
7984241
5987416
9448682
5207434
2905193
7415390
3782070
7746940
1661147
4073371
8214897
777695
4575024
576771
7412976
2021415
4097162
8303605
7191006
8376939
272696
8625422
2510070
8965070
1195177
9490178
6122430
1888681
7661056
2479000
9795258
5645297
982767
9243939
3369082
3887959
9175680
9667503
4151250
836826
6257225
2366147
4130873
832248
2942917
1543848
2853662
7040078
9847452
2561019
5417017
2636499
1186441
443438
1601569
2381617
2449967
240350
4270297
111022
2719349
6581906
8272670
6218467
8342197
1641752
2622778
7517876
3825606
6774027
871054
82831
9140173
5001926
3431430
2083089
6545773
8801444
1639519
8909577
1362462
9572887
4062427
2548902
16324
5663995
7446871
2466290
8420697
4233519
5093663
3656397
815425
3366333
9874864
9157621
7524436
2497641
9191848
3866393
1788019
62901
3949223
3444544
5064826
9897005
8043984
4126951
8698448
9683502
5552879
60909
9256388
9615305
5126163
1789063
7795652
2573033
4255352
6216348
9322903
1865367
9872744
138327
7748051
2263959
1812299
7788838
7277951
3520499
1655230
9065970
3583399
8120805
2510513
1164577
8017809
3070848
7807879
6716256
2754350
5877109
6777164
2010737
8008765
4419678
6316152
5804416
6992710
3087855
4537115
6315613
4953221
6926211
8970291
2701271
9190169
3298942
490108
8984472
6819440
4661690
8050441
2919190
2782494
3077305
6600118
3316654
6148152
6924348
32909
1418853
2801456
9326424
5945942
3326573
3746102
2262093
1647340
3255163
5349947
6184455
2087127
2819520
5627017
3573770
5520790
4817185
6872711
8527250
3801656
6208502
5705291
4368448
1644043
8487784
9962104
760513
4320789
8626608
201212
4353697
2561812
5519020
6196472
8507753
8845592
2458925
3286197
492931
5714088
8636144
9193737
317566
1455663
4820753
3891335
9492804
2154290
3280397
536405
8472297
9488898
6241695
5357097
3649293
7245830
5319200
6926157
1566618
6462159
7127368
8436666
1540323
2646387
4633138
48075
1491978
7092062
3334272
1984909
5322501
4486767
3694997
5640067
8458781
8515750
9531401
467936
670039
2811798
1004341
9142335
4817047
9762387
4499431
982691
7008217
2334983
7908847
1091186
1313493
5036215
9527852
2853815
198953
6677341
5418242
1690931
6285754
1268865
6192191
1608255
5755631
9887187
9764673
6730763
919288
9296073
7198698
1589326
4624222
719390
731661
1957621
481777
7747443
2940311
7489993
82425
3365510
1097530
3912270
918076
625381
6766084
1117028
7302721
2184325
5324310
3588475
3453189
1516500
7713081
1725171
3920039
7477753
8455933
4839326
9290177
8170983
6428652
3914399
8890372
9676664
8388371
9372148
9940458
3845033
9378492
2539235
7210542
476022
6451504
8128617
3617754
5733939
1761997
3436827
7918264
7086306
9541653
3887804
1119158
7254733
8129327
5039196
7248837
6585259
9878521
6539013
7272593
8823524
2969763
6162965
1016539
1358133
8051464
3473349
5203166
9946308
6012583
4930059
422329
4980438
5575028
6556434
714376
7337024
9993260
1148991
4423329
9534912
7553147
5542486
9305996
5682473
3098033
6554832
4784083
5492906
5610197
2056676
4316429
8579959
8219640
7849320
2454444
8787455
1322668
173961
8733762
9851602
7620371
1672442
4832039
3195398
8228876
5546414
532421
738487
9211757
7472102
273399
6764903
5530939
2095746
2447375
1145324
1166930
7231457
6638229
6777126
9288132
3471009
7873436
24123
3836680
2844231
8811578
5159347
3018191
61691
5010948
3154914
1734133
2359338
6350311
9963008
7905752
9399084
701494
7117508
9387537
3491244
3882410
7434827
5586990
8846136
8580150
6753919
6077592
5218378
6047396
5365724
1205739
3920831
7906198
5042418
9281414
6717775
2718117
4815956
6779466
245416
7970869
1029950
2604754
4321180
992957
3026857
6236615
4210802
2660716
5624151
218398
9059477
3058977
8321739
7905612
1639127
7592009
3983203
9373856
3639404
1865278
579594
76586
9771476
5622012
9357999
9005602
8340128
6690307
8301419
8585543
4661175
9331368
3706648
8982354
324324
6733504
5218968
7051478
9394219
3359470
9786227
8453695
6418447
8107965
6359306
573925
5699973
2858861
9947780
1855728
4724138
3043726
4448665
7011965
8665737
6323016
6017567
9522216
3013322
4318985
624110
7674496
3650353
4330758
9173202
6491028
1064261
6908521
6058857
2974832
267991
5845083
1428526
9202789
3953047
304184
9776713
2169371
3163044
9724492
6541450
403533
2768217
3506467
7415498
3950305
9829482
3433064
5988872
5359155
268400
6612982
5550002
3918752
3460091
4723203
2926132
7040703
4148076
8984988
15534
4416066
4830071
3960412
6135206
1299469
6780947
5911918
5985192
9943990
8152761
5042993
2863874
3437330
8549459
279371
7387634
895292
6228786
5892858
8770798
9013538
5022191
4320800
2932289
8482281
1560354
8374772
8039335
5708429
7359760
571221
2640846
4706182
7047984
8776051
8522002
3828930
7204320
4507193
6289271
5357081
2066538
9153144
8794410
3132348
1948867
8698395
4027640
694004
7107604
5314789
9707541
2129794
9635588
5156182
3128426
1195942
3530953
3684113
9420722
3407064
4255333
2061568
8113245
1303316
3353970
6635247
5132245
558290
3658791
1421515
8431722
5725328
3091010
7226131
8857676
5039876
8440877
5401667
8250232
5548481
716455
7957772
194626
352043
5630305
5839404
4064336
9161258
9523516
3485057
5084673
3778848
8062976
3197918
7598515
1416946
9833164
2730759
4491587
3491954
6668625
2923308
9217282
9759634
2665790
591309
7315862
3623018
5992975
5566093
1687850
6709429
6040216
1882476
9577823
4186873
238231
3642158
5864482
9761746
9643567
949154
3540593
7706542
4147071
3655459
1639839
6496586
6386217
6131425
9988540
5571193
1571084
1722173
7847178
4236873
4829833
5163039
376243
822807
3245483
2064092
48587
1802051
6462919
9626410
5988923
6701149
5784919
4369756
8979246
5428485
5318909
5036190
5651379
9465980
8691648
7291217
5962565
7594216
5938994
8467456
3165408
7510077
2705980
1012586
4263302
7535812
8691976
7155896
874970
4453811
9219987
923557
8772213
8199258
3066318
7277487
7416758
8851236
1647242
6396004
6796073
6966150
1432193
2447451
8948481
123841
2255019
7427398
7718056
8194012
8411205
3399816
8220441
1117185
4412401
5000094
1169348
5620728
2155989
2044318
74538
1375975
2967874
1363102
2091584
6034191
8640588
9508342
7401778
287829
8420697
6714202
9770331
9852889
1678004
8718811
2493081
3933023
8662560
211137
4643386
7073765
6127304
5380178
707301
3056056
380271
1876648
8676783
2536259
3920965
1267673
6428586
6888838
2630774
8520169
5439380
1271362
544862
5357510
1559190
8965558
2071711
1329520
8818447
6266067
2564683
3827879
199089
1227242
6555367
7358826
817358
2682670
2739004
1524658
5738725
5635626
3401306
4415508
8171885
7322270
8199532
4600470
6727460
830305
5636990
4683191
2101666
6181852
2557052
6177208
5147409
4628763
23079
6482207
894829
2587761
310086
3610269
6331355
6865452
3485446
7148712
9548122
8740801
8673370
5286846
4376427
4591027
2218705
5064663
1913296
418236
9665132
1157107
1248541
5302121
8356650
5866558
4000324
913701
4560117
9147733
8058815
4583196
8146291
8953643
9687308
8456376
5080263
8535014
7838180
1082061
8200078
7386301
9822861
6873447
5189498
6715639
3980825
9924555
1780301
8410472
342790
1445432
9567579
4107682
9263905
440580
2490592
3264228
1354280
7050708
4928312
9413095
4150255
3074603
883089
6353915
4047330
8479704
7405280
1885509
9561764
5605357
1788161
1900976
4995155
9494011
8616615
8975979
9418565
396915
7386451
9761354
4358699
9470381
6385388
6138955
9910960
8875979
1919534
1265239
8443038
6847846
3194685
5109645
2438800
4077774
1463559
6486129
5073829
8868838
887990
4635592
6990547
2676150
9052919
1985701
2170160
7669533
961680
1588724
582800
8348130
3866430
4941498
7818510
251817
3596804
245821
1644147
5516337
1511059
87184
4880534
7222096
5196828
7319333
3816221
9176738
6321814
8890049
561928
7209803
6041992
7552474
2402304
5094910
2054526
4572464
2764443
3016205
8677539
5863594
3880686
5060320
3321443
4215547
7828488
6918246
4461367
9472634
2434582
8488778
2076170
7315116
5710873
9789349
7150800
9527093
1482439
3472613
8417141
2044366
682415
4459132
2113191
5601071
2070393
4167716
173534
7351187
9700273
1367424
3214780
3580958
8944096
6536222
7796505
6772583
5970819
4774223
8761569
921753
3263000
3354090
753220
8973872
5659790
7904019
1017316
7142228
3892984
9434456
1702945
7091750
6409939
3816135
2692820
996684
500203
5382705
8347870
200475
6750129
1562650
6297784
5694224
615223
6610640
4983158
9102394
1384863
3744726
24146
7164214
9615167
777365
8654438
5274957
1197735
9671753
2417184
5090718
1622561
6636481
2182468
548851
2968967
4875287
1545534
3469169
257992
9893404
6185995
9524472
3972405
2483779
7735047
7103979
9094418
5234556
6206372
479280
1495634
8746869
7643494
1110800
2040585
8814283
6385756
3238320
8486035
1319292
845389
108595
7955772
5544208
3173798
3441090
419495
4719331
6910259
3193838
7129086
5612605
5234661
1101490
8096383
5486059
721821
7190801
720614
6928192
186432
2216247
8191413
346277
3327047
231997
9160559
2229154
5986668
162946
3548445
6832057
2787892
4020568
2376264
5961689
9978010
5312110
681020
9404620
1022299
326457
5017224
6256959
3944299
3113607
1743017
4666119
2820759
4979983
4110662
5523542
7196229
2302074
5869819
3039627
2534071
7546729
5268781
8520738
7709674
1333577
7869146
497566
7870497
245410
6459254
7848506
8073871
9656625
7253125
9096170
2499434
2270348
5353128
6443732
7900306
9612497
1109850
721064
4592479
5220511
8760958
4305059
38937
4630776
7344686
5089359
2177504
2613466
6126448
2403530
3947042
3995594
2901095
1817538
6757355
1876700
2182395
4831225
4049677
9435519
6443746
6549110
4222219
4313226
5509193
2122524
3925722
6619042
5359940
1034552
4355904
4120897
5339610
6911192
1268024
2684295
2000550
5961879
7814112
8126998
881760
1761154
2122591
3782854
6095043
1396297
8175906
793790
8743873
4741934
229308
5187619
3807395
6967878
9500844
9316587
1606754
5942917
8451980
6966693
6977468
2807883
3603941
4833429
9719075
7388316
7517724
4235976
5866546
5331835
2362973
6748306
9609340
7001915
3047511
8220735
8398211
1223416
9014524
9658436
8481701
1760183
4846054
2289095
8728061
4346897
4122033
334814
289813
2574012
9817858
9783632
5381895
5938150
4617060
7617321
5842817
4651135
1853296
1709362
2499322
6732621
8457667
4625013
6250887
1505178
2845747
7165450
5244945
4376622
6823885
3726646
8653157
1669938
8532092
7381217
8533186
2654125
232382
1339350
7744488
2566591
1122981
3126382
1021092
8256392
3260054
6863908
2907527
7629702
8573269
5406848
6878674
9547288
2548212
3129560
1052465
7910311
295009
8813761
2286932
9635245
5056758
940088
3821534
3588850
837656
2354719
8759326
3586389
3694068
6503813
6152979
7333400
2146547
7174070
5589792
7922952
6554329
1013670
8069005
5127598
8936869
4947678
4674885
1485080
593590
8243701
9395390
3404950
7057461
4198674
3040195
2114219
7655113
6861728
8219420
1009121
9216447
9495097
4595509
5426866
8515261
3264840
5276618
661807
2955261
866409
1101111
9509590
4396430
9170115
7153539
3333298
4117793
4344775
7334729
4711382
2588475
6730119
8116331
2162287
3445144
3672877
6792857
1100256
534605
7528628
4625728
2267403
9540076
9221237
210620
8055337
5002428
5487237
1233495
7957688
6353645
2334605
7467277
750074
1504720
7137167
6599723
8138864
1481941
3934452
5366597
6586767
3180922
5999279
1265406
6626065
9672156
8058262
242672
2723112
8103242
4868400
4990514
7643317
6605988
5201133
8215005
1608415
3204722
9448500
9566102
9558366
4299456
9549731
2824792
8320527
6686897
1940866
6459390
8168838
5875317
4342338
4755604
1572590
341617
6021009
715006
2530124
6595623
957678
7769587
7215216
8342429
5276452
7374884
4948416
477584
5589889
6556830
6198657
7554740
8639283
5757023
1854195
8189013
1098166
174722
4875910
5555383
9150463
3044747
3947052
3492801
316702
5519641
6350769
8854063
6234647
1397244
7966037
9708676
9166830
7697604
8051104
4443281
5072487
2999519
7437216
3178727
2072700
3635873
733466
711982
1909247
2587661
8900995
5523764
2762382
6293256
1079146
1912844
1854354
5026197
7921996
2171055
3062190
4272764
3541469
9296836
8186359
4023857
9005511
7353188
1721460
9572966
1796468
6793947
2572484
9233684
9972673
7161535
5385908
706139
7873516
7295154
5810151
6774510
2818917
1088884
3067765
3898062
5518079
7438470
1440611
3440075
9609525
4502800
229190
5667345
3799635
8415549
9691202
5321497
5768736
1412661
4894462
81556
722959
9983297
1831591
695632
7144831
7217498
3918122
7534698
4512651
2244624
6825560
9847919
3333507
2409676
6262332
8851585
9848146
7702942
4808011
9457670
2205741
5037201
7641366
8521727
5969101
7332567
6359575
1737836
8745228
3770388
4335743
1984538
3753684
6167333
2680169
3414866
3384830
9114642
949564
413832
1359265
7775123
261750
4692771
2701150
6524082
6060708
2549295
4227023
868718
4523316
8949116
5905918
2164682
9987194
1875018
9497248
6346769
6129206
758827
117156
464948
2743365
6387192
9148633
7939885
9802057
2533462
9570879
3267972
5463646
930143
3559446
5725395
8139266
6260596
4765828
4199973
8809890
1509203
5068690
3333206
458318
3490960
5497887
445511
7882329
7511486
9308631
6527886
786665
9425787
9509186
6046381
5812978
8657818
3986265
8131386
3707631
3557143
3915710
9171276
7003638
7475155
7413023
5142903
6252102
2178850
1859227
5061992
3688052
9444268
911549
6662721
2935227
8925787
9624584
3333908
6437272
8933214
9861793
9740288
875352
1887330
5786668
9204681
545147
9772933
7336067
4252778
5846427
3768128
5940405
2850064
1243282
3353427
509318
11736
8048629
2368544
7590079
4253032
1812812
8501627
3432105
7264390
7427413
3056688
598297
6381036
4506253
2976442
8637676
5381605
4863771
4424343
4586285
5408918
4197275
4438703
2178047
2560054
8206830
8118451
5410117
1966464
3988230
8435787
1978199
2036858
804330
9568277
6289889
2617141
586255
9721993
9881531
530019
5295032
2996179
9427406
9801285
5972620
8065081
7699241
3352743
2489424
4801877
8761660
9203050
1756932
3456058
1763103
9963761
4090860
9689572
4446576
8079089
8125358
6424774
115946
1446039
8509402
8922187
6579532
9095656
1160531
8977414
9625674
6455563
1973592
9053080
8773199
462564
7118160
8988791
3815306
9607583
3790667
5093317
1326985
5547598
8549374
3090087
8027711
5156585
5296010
2474286
3235674
5937719
1415412
5867971
7383758
9924813
7306509
3963289
9020469
8467040
2940702
1162494
7438954
7430645
2731925
6212152
409560
9850085
7717294
4224865
1974019
1507960
1834533
3301003
9571910
2900258
8907442
7599620
8056843
6719803
2590257
1292516
2657522
4005668
9676838
2557631
6446833
6983347
6520919
7983653
5450386
1977972
9146146
5405691
1924968
1878071
1617842
2334528
4244507
1851487
9075744
8734877
3359446
910277
2035880
5447707
6326886
3459673
5563678
4383728
179475
670287
8192595
5353348
4675954
7869433
7910978
3639138
7369131
6948248
1622790
2819516
1442571
3285288
8225206
3367539
7679710
2359399
8218418
1924216
4210885
9810513
659092
86682
3237141
5211323
8050741
9564027
1187347
3614418
6464106
1366822
6801056
4656701
6720169
1477010
5042485
7147499
7632499
2411615
4095746
9255289
7747482
5538317
5056928
8489039
1422207
2736637
3364789
2156976
7177204
92025
1967488
352647
2695058
5204629
5563970
745798
4768655
9267668
6876568
3749112
634489
3677623
8405812
9871010
7670984
5964648
7018508
5303483
892614
3630605
7075123
8640095
9168921
4648402
9645485
3107479
7385038
3010273
5264454
7078593
3102297
7231942
7431239
5797355
4952922
5511560
6543152
2237928
4779228
5936071
5987039
7930068
9613694
6909203
317429
9801029
2873850
7335936
5104511
6282816
3482893
4695985
4922910
5168165
9344386
7084747
8275644
9245775
95019
6056449
6324367
3197316
5804742
6271958
1511022
757663
4299869
570525
5511942
9079096
6506596
1498981
9525516
8636641
8408183
9842944
8437669
3798384
9695232
6058532
81199
3178124
3270868
7520461
862640
2615254
4605207
9138283
1861028
4700225
5194732
701747
413892
3515825
6973704
4441265
4273488
3789924
5011790
9785429
5385372
4034737
3800761
4910887
2671377
2208943
7270182
3625397
8523679
9481765
2200280
8604877
5176240
5471148
6125337
6038880
602753
3246895
5177162
4980132
7947120
2888245
5681878
877363
6404070
5171933
5318628
3193909
8961857
2846769
5495689
4347228
6881505
9296450
1774466
2069233
4021744
9044647
8210981
5061774
8526412
411261
3666651
3702651
8398760
2308339
9741530
9001512
5555234
7435044
6497995
6018705
2839640
4696225
9412419
1760061
9868157
7247398
4953969
1346365
94166
2966010
8209944
6975670
2262459
2500761
9044902
8800554
4061760
9772235
3862328
5104523
2699847
45330
1323525
1098606
4870020
1065055
2616469
2941605
1016450
9114463
1476661
6372441
3810687
889080
8132502
6195196
8136477
3086470
57912
8230643
8568831
784208
7722664
3347641
3284968
9283918
2148195
9863079
9056152
8526874
4967601
1755998
8572203
6291126
2854603
5958574
9872532
7987423
8900179
888981
9618237
376839
7261421
3428924
1265918
5393922
2140471
1918747
996744
4714734
2665741
2081926
5498941
388404
5429567
1300261
9672321
94113
1163339
1244824
8620986
6130940
3000821
9709540
4938417
8371775
5668113
4810948
6359197
4568291
5699928
8493786
7461482
5477700
4439061
1243751
3387974
6579531
3162497
6901069
3810616
5828237
8982994
9309557
8732993
6928912
3126169
921665
7023024
6805859
2166489
5644009
5453150
5167309
7869900
391566
6055436
6054365
5202513
4930984
622655
3418792
3424769
600488
1412844
7863829
1844239
4800817
6959711
5006735
4218237
770327
3351324
5717582
2596235
2084316
2646494
5722403
3005980
9669517
2528261
5172468
7829878
497763
2856129
5699777
889328
8911564
1754141
6091841
6358899
4893148
9510632
9783668
5493635
923475
7647496
9854225
8240643
7123559
4860960
4975231
7893885
728635
692813
490119
2812950
5855658
8728873
8335281
5525174
3773485
6024101
5871403
4271247
1396581
4087532
5160575
2824496
8358024
3768767
9183394
5767523
3279398
8967061
1261158
6719225
9130909
1115382
7476219
6254467
8492693
2451450
6664703
9221327
5660614
9671173
4550628
1516271
8400045
5402261
9557796
2173529
1426361
7945551
8961128
2822941
2033082
6638054
8163788
391105
406820
7347181
6158628
6202569
8830594
9936137
5438145
477854
3567870
2914364
9248672
4576915
7882165
5913374
6314593
6059130
5584546
865221
91752
6500942
6267481
2165899
1190822
210193
111449
151949
5549485
2144530
6790002
3713272
5051987
9713173
3576804
3726966
5915742
2407397
6179454
1353886
2885250
2263675
6784601
4650273
6840589
4666765
563646
3155182
725894
8664543
6536754
3333997
5165484
5320586
5499896
8872658
5530778
5611344
9024606
1080262
272226
8330960
7309885
7840564
8044132
886688
1567529
6476225
5810437
263334
7830111
1212038
2527008
4614711
5862311
9367597
1797828
8942308
5039130
5040073
123203
4092235
8374070
7805038
9412820
3873965
6677695
7459949
9485308
8218653
1056562
9757533
6549612
8366446
7598096
7110095
1769485
1681976
3586320
7579921
1945309
1416430
8791959
6988669
8547492
7170621
6356265
345319
6112928
3911746
5385392
6236130
8003980
6275813
4041168
9933151
149777
718862
7393099
9635084
1453866
8449660
1908969
8003477
6816105
2023416
7629924
1101941
6221744
1216243
8681862
683404
5149024
7473820
7672072
6212867
4644440
6544688
6558186
3273719
456433
4459929
9509849
976764
735741
6067368
909914
3401869
9302581
819364
5553304
756447
9269023
7462272
1276275
8601479
2002040
8906198
9703420
8223783
122440
901633
1423538
7787815
8375452
9095610
4000682
5536243
5640297
3075219
1326313
8613082
51499
3352513
9589845
3303591
9419880
3016111
6705459
1238813
6351826
4775114
4511611
5620849
2237386
5787885
6738679
6755777
4694083
8958450
7495911
7332874
9860082
8919448
7637041
751885
8015057
4154074
8804479
3655354
7229292
130792
4784787
9797142
3483304
6890983
3100732
5419536
2423445
2322542
6658348
8775271
7097655
1169958
6912471
1851392
9474194
3651149
1123520
4168276
2609599
8619430
4017502
2469680
7538878
4170894
5737917
8070286
8324967
4542395
4241991
5554258
4673186
9026777
7867751
8156490
5917760
3484834
6092377
8341204
8323727
2750724
7116474
7937733
6437033
4028944
9789125
5911226
196445
912644
2595854
5322395
2048426
9129707
308426
2103655
3300600
6046342
173940
1625566
588737
4415931
9696175
5261922
5959059
7563925
5934763
4393170
3565110
2027139
2734374
1888836
7294214
2367199
9826568
3731246
8912495
2132044
2158824
1625291
3044688
7271029
6947685
7609465
6400735
7256110
9713119
2217686
3302452
9887058
6359603
3891188
6819340
6055777
1669461
2778399
6136053
7604224
9687920
9701162
9631362
2422293
4106349
6925576
7305844
3932916
3173173
8734690
6064960
7848348
359980
1625999
5119376
9824016
9235463
4036462
7080125
1464933
6254147
2898928
1351990
2613749
9306467
687682
1185877
975928
5982432
9838281
8580151
5670351
2055794
727864
608996
6162142
169791
431191
2611410
5859316
9165880
8676369
3707663
2042211
2818719
1343391
1866226
2054181
5379852
1462702
3519113
1633999
6877982
7387454
6764099
6184448
591487
466328
7160375
6573918
304608
8256877
4760621
2360402
1501093
5369616
1038895
1670883
5800806
3650304
46550
7483037
4843024
3754213
2041599
7661742
5097603
6424176
2232274
2993806
403229
8267738
4627804
7281210
5655192
3908255
3465658
6246678
4374582
3142384
5336948
7195541
1399261
97568
2072294
2900353
7983535
5627541
7087587
6300692
9277844
7134137
3783728
4120868
3404701
5825326
4298961
1018655
4765853
6531235
4012460
5169081
4798972
1156616
2450291
2970515
7581222
8432300
1733545
4472155
1574683
7070492
1667695
2973943
9684411
6256341
8390647
7667945
1883881
7994586
3968636
3678076
7645074
268715
7798943
1049774
8610392
4614256
2068428
3376244
1145490
8597239
8545324
5944461
9753854
3511966
1431328
9851427
1944265
3164872
4323581
3518948
235363
5991276
9009242
9919773
4763968
9916241
104069
6647848
7910826
4072704
325923
5555899
6857770
641218
9122024
5468161
5255473
3706803
1360756
8917314
2304041
9906079
7378126
4574247
5934397
8809453
4425673
7878661
1974324
8749254
1397608
4726038
7256881
2923202
7162162
2020848
2839442
7266230
1185047
750267
3855285
4027321
8822517
713054
7184890
7944540
8697566
4956714
1651342
58321
3874027
3955382
2480752
3768505
1045980
8415148
2577957
5471653
6293808
7068633
6737258
207768
1794670
6510490
3130969
8956832
8531337
5970410
6223061
2232735
9237028
2594698
6260055
8059544
3307751
3444945
6004083
4521669
8401658
7655424
4579989
4792037
4127157
9577092
8560541
5173137
7992239
1138497
3161141
6802399
8207129
9898398
7010166
2518151
8925239
141134
1474982
9972927
8627895
214394
2205661
7864922
2809091
982067
5924465
8633194
4427011
4444899
3154862
5345021
2100322
251202
2653409
8743830
9828294
1213949
3916966
7820532
4868797
9594458
4622930
5592278
2009207
4149447
8110428
934445
6806932
2101761
907371
5434826
2316154
3113031
5816099
5125245
6611450
4256915
6274790
3554812
8701813
9429651
8899832
3318486
2197204
1553240
2062316
2025497
5283540
8495633
2362381
152337
606443
9501662
5744614
2615649
3651109
6371393
3550094
2974392
8473153
6973816
8409218
789306
2603199
6741668
8430902
9214648
3514935
4705691
2769459
2216747
6651693
4185643
8051585
8848897
8255234
2630252
3390745
3538774
3642236
5753125
3691110
4248678
5254787
1952075
6864327
1422247
8323467
2930772
6912990
6796619
9904587
7838559
7585924
5024137
4580227
8533178
4238784
8095161
3238868
9524595
2828259
2406913
3710237
879843
1255809
1965470
6026446
4646553
5504243
9668682
2916030
1711704
3917359
687168
3663778
3298037
4625766
4503596
6228808
1538755
1300214
8649747
9377314
1402490
3673883
3957540
9935667
429019
4569052
5690886
9953613
7397310
614150
6180201
793505
1869958
8145670
6819950
9032863
6166265
6488631
1948892
394320
2922342
5152411
6574450
6220378
9778176
1078045
4965538
1316930
4894611
6131636
694243
6297100
2321870
7168134
8749118
2750888
1737185
6956355
5220852
1650847
7570505
1401052
2444351
1956814
2063074
1780652
989676
8229338
785635
5454919
8623657
3707976
607329
5198106
2444705
385504
8792503
7410242
4218786
3687113
3541877
4913028
9984212
8380099
4597514
1249681
1130986
6334698
722387
8868190
501896
8292891
269241
2946246
2766057
2332314
4726898
6272084
3078003
5512532
1727003
1701660
1736859
4850683
9416117
4181563
7752539
8208619
1591805
1971324
1895731
7650033
9400703
4396294
8546483
3998216
8162326
9677469
2849266
1401065
8545658
3351161
2210307
1331250
6297407
4976363
6179916
3540656
1248447
9257918
1569539
5491801
959577
3306397
342483
2892046
4311
8095021
3617016
4112467
66344
8029099
4278852
9467047
4941744
2825334
3465262
5620422
2502802
8830879
7021486
3564811
2182040
9231792
7412413
995798
4208155
3592328
4536453
5456601
2850245
8622343
948401
6326174
4445091
3807235
1734571
4449401
1902256
5351586
8561868
4484951
3380684
2840719
3951997
838780
5666052
9933611
6459201
685206
8764489
3480686
6766368
3462880
2712477
4178780
4458677
9436983
287459
8995129
7409935
3137704
133823
874687
1980229
4578913
4681922
3714799
9028314
6584177
1582736
7590181
3585479
7479772
430899
7537476
8318551
8613302
9987438
4777751
9298507
1268278
774788
8581227
4731158
6003616
2760006
9189834
5440599
5563817
701315
2850533
8701520
835137
3725220
3198100
5414050
923493
9429250
4442363
24021
1011985
4548895
3609499
8491756
7496145
3663326
9326658
6109446
3650763
4104408
7924305
7435393
7395547
6505531
2166550
3399163
1781888
3872735
8839761
7345704
4574049
4206645
8563575
7925538
448216
1761674
5855939
1371708
1190923
2814653
1395728
4719260
7363547
5005227
3211015
7376043
8668552
5054025
3485488
4835667
1674784
3926144
2271059
9070331
431674
6953960
2469493
4729914
826694
3825605
2075617
7917095
8032249
639192
5842632
996817
4917217
1698570
2368524
8624492
7029574
6280604
3343751
4393120
3802182
9071117
4285514
4987085
4125141
7771001
9822751
5799925
4213497
4610161
4870255
7161522
1564120
9856099
1891435
4907166
3681703
3967052
2824260
4230303
7122595
1183243
5227119
2039811
5398164
111995
3180654
2427737
6392598
6524404
9337208
194779
5595521
3622721
5181863
2237013
3910073
7520966
8036937
8123569
2131126
5423543
7801443
6211598
5279641
9692877
1118763
1477695
6176280
6459374
5707998
5815226
158968
3451468
371389
5557131
3563462
3552042
501219
2472411
76446
9838426
5183541
8188318
5977498
365404
425330
9887570
402721
8462267
527491
5050198
3885809
8328933
3778147
1681802
538161
7413261
3159496
6714441
3872634
1383845
5046018
4031601
4835313
5417406
2105083
915126
8969448
2606301
3387537
1562245
4961078
8571077
9750562
938575
1452832
175891
826145
4371904
1154509
3869987
9422102
7556670
2198919
5716600
9238471
2737079
3129861
2397966
1967871
9518846
3781811
7013889
3550447
8617123
4947646
8171881
2048600
3917093
778182
7952488
7995689
8255611
9039917
7746250
9194186
492748
438493
2536682
7381004
4109353
6406668
9319457
1666022
1121938
5036056
904492
3859016
8165916
3302458
8343239
7684762
7084268
7873479
3751560
8217742
2821124
1923440
2782693
9254569
5217973
735181
7250257
5989936
9775097
7512859
5184121
2784196
467703
7720802
165199
4577055
6643821
9484655
6243077
7765758
7037063
7147568
1624773
5202978
2966377
2484363
5404091
2566996
357841
1672002
3301089
5695317
6111794
6083782
4949885
1329766
6818962
4716493
7319701
6594058
4745703
5020173
1894605
5213405
5257326
2059804
9790460
1901146
4060810
8549888
9666903
1097872
5697455
3808028
8817202
1180184
8808742
6737644
3747179
9166583
8409646
7048268
7378251
4521439
3132049
2328135
8367556
2467362
9560979
8203609
1577771
4306682
3223781
3472375
2036438
8481107
8048530
1826897
2898604
2109340
2893136
5081859
5723563
8590591
8889886
7057116
2287126
7698627
3794760
6034304
9381561
2204405
5598923
6759811
6725843
8730971
1604297
5093398
3714684
3681628
3297006
5292454
7988309
9037139
8764829
24746
34597
9329710
4367995
2933200
1439049
7261130
8015058
9678964
8368072
9421295
6736079
655197
9636274
3047190
9205853
9017834
5251594
4804775
8293997
4493788
6052098
2414645
2103538
9766781
6096272
7916895
5059235
4084580
6954033
6340415
6625678
6988629
5670124
3510024
2438181
9625525
3287505
2969590
9304488
1655577
2390885
8556918
4827125
2027158
1604108
4032977
3561343
9372053
1354104
4371691
3865841
7406201
6786336
5969378
7172981
2882607
3886272
4748567
9483539
3356657
1088981
8625568
2861637
9275457
2135591
7816169
8900981
5423095
785759
721820
9595023
5692995
1795089
4422148
236504
3399196
971476
6314198
5287601
2325579
685889
1669793
2248131
7472224
7639170
1937464
2871182
4041793
6686030
2354720
9914801
7775011
980287
5292790
7050467
5632229
3108958
8467799
1055324
3894716
9189618
3166698
2104062
984706
105197
2340565
6900254
1076673
8654763
4704206
5918603
9340651
6373998
683086
9329226
6529519
2620549
2200407
3087663
9306578
7071479
3002464
9597940
568117
8295253
9164758
6200346
3920562
7632556
9772021
7815278
9338525
2938718
2435691
2839583
3043915
4776256
2256188
6636939
3431018
6960393
5071893
5288020
5850742
5754978
7133597
2380260
8375526
9334003
7984274
198456
8921833
986737
9796395
9489950
1798341
1477505
5690295
5718903
9110060
5462315
6050532
964937
917384
8486222
6320871
3961298
5778829
8577058
3114588
1726198
8053802
8186481
9530569
6420895
3941458
6664165
8801154
4833336
8514520
6785427
5031791
7436352
288516
7344537
9442653
4603208
8822041
5132947
2838462
448453
3111613
1405345
1413389
4028997
2407919
250611
506646
8186747
1344020
3621234
2429297
9397821
4324066
1959865
8335067
8265523
8624030
7136220
5615210
7138549
6437998
3163352
7091252
9242865
507889
6533905
3846073
9329929
4183203
9200886
2294733
7294816
606231
6224473
3840164
3014149
6475083
6863161
3717247
7819102
3000746
6146543
9733274
7324811
8106408
8068340
8106686
6730437
7720911
3721895
6385337
6675261
6885247
5992940
5918125
9909487
2526844
2280549
1755767
9226399
1481435
4050500
6521214
4604017
274972
2877729
7618165
9266407
9740889
1335411
7085508
2741635
9998306
9335134
66445
8104713
7403473
689482
7351501
7640736
4411377
6253189
4315996
3812975
2246128
2750472
3722461
7289324
5031021
5478227
9032074
9028807
9528726
5553287
3632823
2320050
947367
3767339
1586456
3204607
7619101
1188315
8462593
7617406
523448
1045390
8238470
443273
1734871
8106322
8084008
6146247
4359510
4916355
9959221
9121990
7666826
6198033
8927665
5214198
1676260
7959738
6759356
1204985
6029376
2908530
3525034
9493094
6675868
7627841
2697700
6811321
8816156
1160293
4428726
9339603
4722034
5183548
2299227
6456904
3289869
383234
5119503
165731
7815940
7595075
9287720
7999118
3793108
731736
3213315
5469367
8691473
2489023
9190703
7237200
5397552
5232089
6730293
4589772
2859929
9427992
1401092
4192436
3104636
8346169
3532039
7826669
3529716
5831265
4283573
9335937
8730851
1919427
9501667
9063142
9514501
1305738
7062259
3307608
2037473
2791926
1293326
728945
5280948
484029
7966144
3194851
5716117
4696436
7784622
1092397
6640779
9185713
5284833
9745415
7531882
1333223
88435
3577949
9680839
6888359
2913885
928041
8807785
4931903
9991183
8322286
6237640
9569793
4146245
8275112
2361718
5439571
1520408
159017
5923599
2002903
3353868
4156067
9215690
3654841
7764815
5856469
2840554
3049647
8118235
2888787
6899221
8206669
8983087
6580060
5095028
4413324
24452
6419164
9345226
15634
4741449
5582866
9585427
8887694
3857977
4463496
4327264
5378385
7138865
2767214
9897639
492732
6923280
9113329
4147572
7204446
4969797
9504477
2770445
3088031
4909615
9669665
3811051
6409054
8766076
1422430
822377
8790528
7841594
2683954
1322513
5099394
8266819
3424291
3987087
4641148
7887787
830702
2535884
5026651
3597915
2433522
8035734
3037546
1546850
4699657
2758344
6516646
6720486
5528788
2121028
4146452
5198452
8448431
555505
6480880
2387212
3894233
7787759
228805
6578187
9110271
7844551
4845005
2534562
1831637
2002504
2938700
5178691
4538387
481702
1292957
6971909
1033787
6846855
1035110
8249795
9605198
68108
4970280
5133985
4705487
1633084
2848788
3153917
4704940
1846019
5541129
8599173
9633777
8286285
5177359
8744048
6130835
2538715
3794961
478824
7057571
9250012
8173866
1595957
2248065
9466822
1084217
5798203
8830028
2119327
4047997
951577
4703786
1534629
8601913
9409272
3167712
1450701
5079541
389003
5813071
3137021
8988175
5446848
1423305
6681885
6707247
70492
1736952
502207
3065667
8794522
2268570
1239532
2906830
4516634
3222705
3991047
314836
2052733
8626725
6879184
3004309
3330510
8413812
1606222
5256133
4097875
5573274
335673
4486878
1386344
3472693
5991404
9349543
4895998
2673289
6056789
7482841
6926592
6558995
548507
5721113
1343916
4304390
8627942
5860549
7527094
5135340
8691736
2096178
6278416
5570920
5100487
2125277
6501083
9223060
7381410
598958
7312685
7717082
7602187
8699028
3706127
3593590
564923
1118476
6266878
6621711
8601316
3193469
5697058
1666174
1430933
7040973
5970563
2575227
5417874
6014008
226918
4109609
8110186
6505334
2196880
5727024
1146962
1214315
4950083
8528371
1813272
2262767
8761805
1931810
3478146
2467931
5525399
4043068
3586406
4308629
664779
4704073
18449
8878188
6370246
1449382
5919160
4857160
6540960
3853385
871167
6767877
479346
8981352
3273210
2676225
4708375
4420172
3890539
9658457
5464894
8220162
4437575
6743050
151971
432073
9210980
8193722
6991492
5313737
2502350
172622
17809
2520798
9050809
8904406
6486531
4969969
3761565
3027490
8823353
4632732
9795367
9302698
3614083
5584928
4495275
838810
2521451
902165
3013618
502697
1638679
7451193
7245746
4307001
399617
6456726
2500722
7391108
4286814
7519423
7563730
6820975
40221
6614538
5725380
9043103
4100858
2003297
2070593
5440563
6636028
1865959
4743260
2766462
9967238
1754886
3605271
2488689
5173403
9135241
2991385
6812081
6586433
237130
1119081
9502401
9210207
6136155
6893508
6013373
3655577
4457237
2834347
6212149
1071775
1076078
5255252
5172632
3079374
9842196
613194
9715401
4224506
7872806
4998215
4191743
2144043
1119837
9196783
7317445
255077
4704519
4129525
9357861
7458001
7764958
8860261
6668207
3901112
5753769
5197931
73040
2727357
8032277
6285189
3799131
9108355
4056792
1488115
2187728
6415339
4617660
4419481
639844
5006817
1934047
4831586
7150860
3053883
6544721
4468304
5825312
1249239
1114181
5183172
8707239
1395490
6559785
7891798
5296601
4829905
3089728
7885992
7557261
1122005
6687532
1356392
2746711
3260675
5360858
7450790
9676013
9978517
1870270
315856
7501686
3804316
7663794
4652545
9374551
4208514
1637200
5199862
7974104
5267732
383033
6681343
6663221
9459169
7089492
4476173
4289073
179219
4878517
1846334
3817575
1566048
5719077
9080637
4826723
1079934
6531427
4502735
3574802
8401696
7334943
1076487
4722364
7515088
8245383
4096914
1723601
2398935
9296775
2214056
183018
2196159
1411750
6846239
1655328
8501241
3838763
8460752
8680460
8717279
307085
5014386
2799679
6026161
4095023
7626401
9622446
626449
4645487
3197248
1544496
4496781
6790086
6266859
2011868
7551821
2880124
6251820
2467107
2176898
8465876
2650124
6889409
9877625
2012714
1061088
8378866
5851477
9521839
9575677
7085107
9828924
7106414
9884785
8371436
1201436
27537
7993882
4344236
7189376
3707481
5888732
1686156
3013918
4671942
3698024
565738
7552066
2466195
5549196
9728963
932070
8199320
9134723
3326047
212033
195810
4221264
8579861
9717649
3796940
5664968
2062924
903353
8066104
434359
4621141
8093641
8428240
8965376
7799368
2135720
4854107
9485523
5149638
9526049
5699898
8231727
9594466
682445
3780923
9323428
1614514
4496594
974503
7456912
4708626
1170312
1678175
5804839
3404312
5475114
3986158
5467235
8894819
4568613
5901594
6032311
5178605
6846185
4997686
2977972
1498257
2368145
4979847
6647894
4410545
679744
7395972
4005010
3878540
3693246
5844789
5493054
8189839
6819291
2949965
5414817
505955
7144492
1219655
3910266
2619605
7722164
9377501
4030775
2290776
7795446
63085
7469381
4641630
7577123
447352
6139886
9945267
5427198
5304131
6872163
8623294
5216455
877172
2501833
8909700
9238312
511238
7099539
6057603
5977555
5030707
9079909
3122046
8766713
2990174
8258002
6488876
4884026
4805129
1296003
2679471
7384565
8765383
7321101
4961687
1729087
5977338
7423305
9672636
1281469
4295467
812281
6497923
7688990
5830466
7923974
6927302
8858055
7539864
5501256
4835609
2570570
4581164
474006
1337282
87689
1248360
342509
4971715
8569840
4154864
7651185
5954404
2920246
7488637
916091
7165684
3465975
855747
9354672
7263795
5151214
166952
6278069
5356555
8513769
6718394
2283856
7371824
4258258
301463
4723784
9345179
7398978
7714142
3198813
7486667
8962501
3541321
2458381
7532340
7696184
2625917
6003095
3132782
2630906
6919185
2814817
6096880
7774932
2169488
5877026
5442497
4852792
4671446
799051
3366560
1389839
5599259
738383
5648096
8417073
5462167
4993275
5816051
3176308
8192087
5819069
4655160
4249759
793801
4703851
4462295
3419717
706945
111428
8566974
142482
2926244
4663853
433765
5095732
3057230
8392613
9948523
7728675
9191663
3315082
9118514
7307273
6569817
4766609
5724346
4548335
2276235
4056748
240994
2984673
9875816
4896153
7234432
669616
2116355
4213078
6605684
2823299
4324505
5172658
5482132
7250748
2352862
5915896
4862831
5410092
6824860
7327705
5655118
6016523
3159139
4773631
5840147
9728955
2056592
4080844
6793641
6849178
8137591
7034634
9833851
8013406
4447138
9584634
1199373
6563492
3797711
321409
1903142
638567
8010418
9901626
405666
2879631
8333873
5268497
806074
5158733
2596201
6461192
3691607
8271691
3751174
9531753
516997
5807765
3612597
7310637
5173295
1750187
4345270
5007145
2279945
8792407
7108130
5995669
7872250
905840
8833429
2291744
1544406
6843846
2193369
1950071
2239829
3043593
9734919
3045902
8202325
4847472
9507093
1893931
3119162
5774619
1425684
3636159
4098735
7554632
946795
9272029
9304818
7808417
4279173
4101114
9117175
3903654
2613135
9505777
4809493
1446563
4313872
8870250
806761
9023592
3336673
3046589
2067184
5587943
6092490
269509
435414
8115935
2163439
6070928
6406905
6105474
2223438
505639
3660105
5686584
9777668
5481275
6011352
6573192
2098740
5128527
476846
4711874
7150655
7802690
6158437
1464526
9189292
6965197
488117
2525964
2528137
2555300
630258
1136978
2824808
3582024
9252912
7504599
9652951
5659816
3610072
4392740
8681807
9786529
79323
8459474
7784155
8607027
7549017
9882894
3735553
8025862
4594768
886207
8344904
753204
2350732
7534195
234752
2838848
2576510
5279240
7910499
3206767
6416217
735307
6788790
8185481
756257
8958092
6361648
6882680
5867183
5043454
6669208
8462858
6019279
4453362
7069884
3568296
4336256
3321788
4110509
1447375
4207994
2455412
4716930
9075077
9989606
4951681
4430276
5082467
2747272
2340774
8289234
9163488
5592432
7594375
9865320
6348688
9068819
6226968
3231368
7452353
3786773
9900575
5915210
9806052
6870289
2985093
5890699
3722896
6306880
1207
5170270
3031225
2456619
9887199
4622653
4962576
7355231
9052928
45043
102502
1393702
850628
1782341
9502485
961354
1647661
5851173
2546524
390980
9082540
9998877
4177752
1499466
5914086
6500155
886106
1415531
2390853
4609001
238762
2392060
9779270
5786339
7365030
9666468
408991
4843957
9538050
9461919
7405351
9640551
3371972
8255978
1422892
2874456
1733684
5586904
1241980
4280207
5977883
2840871
4279083
155634
6856689
2709521
6655789
7742794
6641403
1562993
4868147
6880164
3955052
7163768
2666502
3836433
6830236
5591845
8680390
8884637
5053763
6085740
8525188
942086
6858070
2464431
6332893
8591753
8051334
7574873
5388311
4029216
2932095
2183746
6701201
9788783
7409618
5873341
47929
4051020
7436334
4916075
3447535
3907737
2079842
8630389
7744170
1426429
4222233
8940911
311066
1792347
7543002
1352605
2734432
4401071
3817035
1583676
5509175
4384720
9158548
897486
8413935
4606995
5597583
7631487
4395777
3007200
3504828
4443705
7058219
3457513
1876131
3022105
9881601
3955973
1652493
7625770
7898753
8391077
9083032
8209818
183423
6626034
9562422
5434206
3543456
5895808
7017882
9052631
280527
8692781
2466468
1210813
3299775
8064050
8842300
7695552
3587601
4863479
4655608
645819
837343
6531739
6184275
718943
3004063
7836768
861065
902815
6227844
9944096
1628985
6411267
9086481
3707758
4361824
2629937
9603566
1379705
4198919
2400444
72486
6665386
3611257
5888612
7245787
4969908
6100515
833387
2349738
756123
3995557
3187080
9804213
179831
3906022
2808275
532950
7283438
6227441
6760794
9743886
7856425
5688412
8830366
1564183
2566587
3976654
3684100
3946292
8175572
6084543
6535129
7357309
9695799
2423740
7119447
7182058
8524255
469185
9531795
1796729
6981093
2718874
1600941
7160924
9141248
6925567
210225
8941037
3153007
6971018
8684922
1009432
5175781
31640
5089966
7742368
4008293
8774065
4205011
4700217
4858607
3256491
4573877
7070758
5680230
4209676
6769167
6720836
4678860
6300962
1033916
1659953
1536187
2634856
1337228
3193786
2076774
1547452
2134823
5229781
1034822
819744
8755564
8726954
3367735
3845529
8985673
9892380
2619593
5707035
4592596
9994551
8963525
1682824
9581660
7160107
5892499
6350827
3880942
3087711
2651788
4914858
7264015
6704326
66065
8601242
9898112
2142839
2665045
2032934
7372619
3699866
5369029
8644534
4943172
8736764
2490062
3928844
1145495
7626006
9635879
5738090
136908
8599403
9937265
9718568
8275861
8346116
8585746
2156803
3950178
3753885
9588012
1214192
458210
9654076
2331785
2872673
4313266
4996829
4905606
4202236
1213047
2790987
2846769
6156218
4044102
5336830
2601413
5189596
5479187
4753643
3444037
5616095
5869398
5897653
7851014
4145258
4243768
6436759
6302060
8193945
190643
8406423
9408136
3165204
8060499
4256272
6037877
4890116
9253101
3459834
9092352
466147
6250820
1939120
9138716
2811273
9792302
4256480
8000868
5271488
9010123
3961256
3403934
4879520
9858909
1254947
9024777
4102676
7691705
7843189
4812973
398699
6249611
6737460
6080255
6826461
993732
2118131
1716577
246832
5577964
808928
3229330
4345136
5264399
4884397
7156408
5056700
9140876
7673628
328188
8150998
1634883
3732121
5546869
1493791
4987068
7087998
8112819
5195124
4931186
2925791
8110175
3697148
9663250
4190429
3039961
3173333
8824911
7272889
5936516
6919226
8081816
1682197
1264361
5862566
6566593
937121
919266
8223821
8610748
1247453
6374818
2761982
7495925
4438039
6772125
4999344
1526036
4884943
2710820
6457221
327085
820994
2670720
2506686
7527774
5710680
5680019
6352684
2983568
1616534
3271909
3581735
3298731
7052622
9444301
9865323
7989742
363566
605495
9116841
4127370
9496665
4395174
1623294
3934703
1167298
9138990
5460738
8568592
1849809
4434310
8895676
2670802
9621381
1402362
2714927
5332061
7082380
9067610
831980
1215265
4855870
4413715
4513995
1908491
6374367
6895670
2414584
9254284
7501164
4047776
3381653
6997828
8442950
7521298
3448882
2126599
6660287
8909619
695191
8510095
5860280
9590866
3697248
5481661
3509579
6412174
813721
591958
5479783
4162052
1807223
2852005
8575766
8837569
4760495
7466484
5733238
9691431
6720767
5750754
3739206
2618771
5264933
4698507
140069
8713815
6825106
9316707
139785
7520296
7826802
6000065
9627513
4040401
1481725
3137092
452575
4811797
6245401
8448709
8973848
568975
1300713
65966
9406544
8577560
7532449
7656133
785342
6769568
5923238
7040899
9388338
1188171
1739406
2044758
9901985
8564511
1361465
41769
8601158
1704618
8558185
8228670
5745018
39909
3882113
8713944
7368057
127514
7162653
8858257
696488
979717
8924222
103031
2073628
8973022
275516
5375321
5742589
6198753
2416220
7647279
7386923
4155625
9692036
9805259
5236487
1053500
9847028
3837644
2758117
8405212
4582665
1019487
961473
8464778
9733430
8329529
8592291
9412434
9704137
9288778
2908503
8628358
1908161
7498482
117732
2183676
2873803
8376672
8382428
5290022
6023950
5769351
1961998
5715986
8090961
7198484
9285837
7937988
1036127
4560306
8859552
5618791
5579792
2337376
6599920
5313221
3183256
5192210
7242007
2887393
6997340
150509
4032102
8905500
7648990
4149833
1089175
522792
5042857
1987954
8329165
1066806
273656
291162
9299143
8364617
7489645
1101332
8818956
1042123
5661637
7678507
9177266
1241428
2532234
5777185
9071000
5715490
3485747
8829358
8602882
483086
8979866
2634983
9388585
9145208
9301168
2994111
9667999
4344024
7498416
513516
7927181
7772072
804677
9742676
8653040
810674
844007
7471995
1852796
6505643
7666854
3546413
263422
199087
1839950
1850773
8430928
5325696
680131
7033809
5808781
2176348
2185144
7713717
1321555
1486311
3224179
3505906
8346686
722594
4019421
6273866
1011017
7340449
8532893
2180408
8151122
9376899
2168755
2520270
8398893
9835608
6066682
1178666
2551046
7906631
3029439
981974
3232326
6225921
8015782
1557458
918620
2717277
9271174
2240175
6719939
5011704
8262432
5066624
8250650
4798204
3856842
1778018
2138652
2389734
3958426
289774
1766633
6127180
2810043
2681877
8479139
8876724
3860543
1030184
9299707
9406333
4528509
2532032
8148605
5060643
6605842
9067224
7777919
5877015
3823750
4497858
3405071
4602533
9564481
1655720
9400736
5937674
5950089
1539388
8327408
2424866
1829161
2610392
8552045
7155555
5292268
9547535
6032278
1669162
577719
7848336
3591846
5106227
380368
1740450
2683221
6986209
3324026
461140
5379575
7147775
4958997
1300997
4266660
7039829
5473068
3667395
5493855
1423157
5206782
3821262
3848022
9552294
8948005
4916419
6707848
6756624
4463953
5256478
8425786
7558023
3104813
2017631
5180602
3485180
6274433
7863822
2987740
9598458
8324961
883667
9262584
5800309
2184663
3529243
5356490
7657731
7196638
850344
9080887
4919771
7187957
5445260
4472065
8652313
361678
1179912
5408936
4825631
6436389
6351073
4900005
9541202
885056
80606
5542733
7159488
7944428
1046825
6757945
8785740
1930491
8536880
4586049
4115153
4582475
2458890
1772883
1779112
5825585
3370121
9215234
3013541
8815381
3687298
1665853
1693410
7383562
9591140
9035392
3819950
5942213
3935397
5877503
6827268
4016002
1420236
3986755
4476781
4983412
3261051
3262521
6913902
4314282
364921
1029054
8896756
2823810
5318289
3192219
8649394
1204761
2407453
4179286
2536493
6094750
8361490
6746255
5994663
7952629
5781646
9814613
3894841
9717042
8208467
722108
6249396
2145054
7225214
726176
7128465
3002616
6505048
4042366
7316898
9386320
7587772
6213653
2210129
5422412
9405872
3375874
6627172
1813324
71511
1680017
424425
8433000
8426271
6419088
8901981
4207916
8750052
2796821
6441310
6958518
6035281
5207057
1619924
5776846
8449584
8748388
8779462
4954632
2790754
6096359
4340951
2894877
2310011
9067432
8317288
4232234
4959657
7460811
8561909
7547520
9140827
8986334
8496871
83449
7921773
7398851
6807717
6671824
2712024
3249026
6146693
1263656
8456082
7766616
7040501
6905665
9031356
8336314
4376648
4338461
6949024
1233951
7233337
1775387
2817734
8066976
6007620
7777390
5527786
4569529
5324909
7184965
6072214
6338132
9784765
3993986
3736982
6592481
3182161
6449005
9841506
1845205
229012
813939
9611821
7269513
235956
1159528
8122178
4612603
5497988
5071202
5846553
2731324
6846588
8664286
798299
2854207
8958028
8842436
9940087
6799288
8543752
6012300
3137419
8328517
2522637
9390753
4920997
5704797
8356109
7278855
7550002
8585121
8092793
9678174
8370985
845100
837701
6493162
5457703
8852040
1564363
3820607
1583363
8410950
5001245
4898013
3781509
6475624
3740448
3721595
5791263
2284200
9733895
1445034
3129068
2256531
835786
8050064
477680
9191894
7845270
544033
7777014
8454415
2738558
6147998
9299514
6092610
5157512
7273568
4944649
6721874
1094175
6528011
7649176
8611771
3942375
1430684
7603746
7682822
7668630
3395008
2483373
9918876
4840041
5612440
2175407
8192178
6178856
5169438
7384072
4024125
5713470
7677437
2478539
968379
6341787
4294405
7060988
1499298
1567972
2005636
737523
5178498
1049998
8386698
3790268
4992372
2333733
3910365
5191545
2363
9821725
191270
2437590
4661765
5803709
4612996
2853943
4498916
2298785
2754366
1039393
528606
431802
6034283
1496984
6773588
328687
8557971
789237
1896659
3079958
1526760
7075156
4129955
2429809
3381776
1638678
7279894
7292140
6830223
7282256
9630216
7021492
2236197
4291981
5341552
6849193
9662275
2356820
1664329
2416640
3396212
2192935
5364793
1946846
3689918
2138381
2275533
4764241
5443969
4172191
7844198
6970728
3763698
4490505
9400537
7145473
8645534
6680430
6953965
7992108
6479037
6584180
5013599
8715233
3392512
2871503
8080777
5571138
7744674
9745106
7987777
3657237
4454392
5868922
5604082
8144309
523654
7879614
2908549
5967622
4568156
752747
2938350
848206
7759603
4855238
510030
6405136
4052019
7463994
4397244
3047407
6564526
1927194
4278991
2473389
7315048
2359768
8044527
5059721
4621225
8548655
8716957
9075616
6933928
6837391
9736276
7457581
7233356
2644825
3425203
1801512
5913923
6363552
2649717
6189877
3735141
3159746
2595012
7787159
3140092
9508607
3350917
2220969
1435801
7629907
7210709
1267200
2506026
7771587
6326921
7127250
8836594
7560229
8719217
5770521
6913971
971845
3228102
4147327
3616669
6653304
8465190
2046943
5533207
3631258
753171
1784699
9307355
3348182
2088209
2447446
5373141
5439125
7184766
6808941
3069031
6911827
8076140
5575057
4683413
6919412
5218658
3520006
6995993
6454227
1806879
3909963
7426071
5034980
573641
3559091
4204635
9038830
5606033
9737841
2670087
6359203
1522539
1977442
2223736
6127099
6941239
7596876
1566223
6642357
6922168
4635253
3554183
7514660
2726661
753947
4434071
461671
4273953
3946415
6915897
6080831
372730
4341967
3632162
946370
7901057
7836796
9985200
6023441
90988
5171638
4898995
4129878
7149079
7122730
256976
6606670
7235958
1823198
3249026
4158125
8974802
6803208
1672784
1701463
73506
8623207
2163133
6863810
5085973
1595381
5460992
5458702
5937347
9093153
6405072
6354755
6929948
8906623
2378195
7020935
4078260
7277189
1150812
1227339
6916270
3924139
350360
4152227
5747336
3599385
826704
4722138
2918944
2499487
8939952
2992449
3639045
3619436
9856259
8725018
5214816
5317250
4183719
1152162
6926755
3105142
7506916
6373054
2011764
2401462
3393989
6090024
9678650
7061152
9833714
6594919
985291
184073
3263498
9248978
6299809
4090201
3971115
9218752
9106039
5427418
4727552
2745084
9046853
7100162
3986453
4261668
2417412
8170171
7930181
1860518
3791665
7953448
8233571
5803428
354909
4143911
4409803
2549910
1205063
6759868
1661181
4706705
6943940
4924678
6472034
5760100
1531230
2959501
4978851
637268
8386918
2222755
5898703
9950123
9322916
9885155
6728142
4256679
571678
4658323
6117196
4363342
5128122
4350767
2683121
7999383
8494677
7092924
3065644
2216091
3852791
4726824
9439147
3313083
2167853
5911181
9073182
3699082
8870681
6568385
6852702
7257598
8791139
2751404
9724072
8114054
5152911
6452214
2370733
5724588
3626888
8487928
87929
1271361
2838694
2771049
9270743
3849723
2380324
2336387
6065813
6233115
9579562
5504960
2062549
1747415
1416140
1135730
7962848
2803172
7704114
4815549
2577121
6495252
83305
2301193
7125658
5236215
8753406
9496390
960802
2380293
500669
3565082
3651653
5855715
8852482
5438748
9705437
1232806
291486
8287601
9982272
9871047
3792560
2044820
1618461
7725051
3180549
2097661
528222
3401015
6913209
3105343
2412618
6996513
7922887
9538275
4749079
6676292
1551016
5709880
1572936
4568037
1791313
7740940
423751
643795
5696039
2645539
1876600
5987524
933139
4375223
5858571
7242051
6420042
9993383
7483453
2116942
2091043
528027
8034308
9004252
6149721
446926
8517116
4072607
9985200
3266195
748898
4052568
1492426
4838185
8620604
3283739
5095476
9044354
3927533
791515
4206244
8320484
6779038
7655734
2695706
2637608
7414136
1632099
2630991
4897589
6265392
4722033
5425615
4299700
6242636
4091687
4746625
7276104
8164293
7248176
542298
1429542
1300743
4551075
6267726
2437698
7834813
1363201
3998403
1762345
2154715
8204646
2599180
1450105
8376732
7811237
4087712
5790867
9443335
9235054
688455
5708727
6473439
8630421
2524778
5232426
2722107
7271402
2508529
3402751
7035929
5567178
4832292
853024
118253
3616369
3290721
7953065
4979570
7289124
2231762
9650636
8010121
4830941
3617092
6386852
2642178
221156
2177719
4601864
9456209
5382525
2826942
8445999
6529298
5351719
3678425
1767756
5139472
6186953
5170507
2175401
1754131
2519150
3028424
1872383
6135519
8835496
2341799
3631440
8640971
4573560
5798427
6651092
1920853
9415519
5554295
7079382
9636674
248365
1681245
1609234
5630890
4508187
55233
4676539
2376257
6250009
6444294
7515729
4953313
4131152
2207481
6707443
6650302
7752256
1096177
2785820
6587751
5954328
8933611
5228722
527887
4732037
4396165
2448739
4147555
2466811
9528120
6300580
2715176
3725717
426166
862417
750255
481398
5538955
3126511
9247758
4499600
3158591
4201070
8630752
5366071
3424865
5281053
3118326
7037393
583224
2222429
2991720
9516834
9967502
3519607
6765222
6880018
8484697
3429129
9346828
529169
9729708
4578355
4254885
155873
5440771
7521491
3153622
3496077
648001
2401379
512029
3806592
9118801
9142780
1689014
2543665
6940184
7323692
2097409
39759
9546120
5089129
2072944
9513621
1125087
8838165
8909990
9609783
2267293
8256817
2655303
1997001
2835172
9426539
4669225
792294
6948029
339199
6804723
7596030
2740577
7316751
3918973
4375729
8975882
8124338
9435745
5916065
5448029
1533154
8472175
7510500
6622282
545118
9540472
7747368
9383282
8450461
9873502
1650575
6707278
5045157
6163927
2058801
4471695
3349503
5367446
1419724
3688701
4688520
9015753
8945630
2005270
5451077
3321358
3497503
3575414
2757103
9413567
1539795
4290256
402093
9050294
3428889
947210
8590766
3692608
330492
9557578
6082461
4497418
6264855
1127617
661344
840007
5599312
4010846
8723805
7019035
215899
3412324
8551139
9161528
5417594
6518567
2482885
1431448
2610332
7756339
845015
4150126
4562946
3763459
5716772
7991834
4710669
6823889
4200793
5041160
6381466
283254
9538577
5162673
3927222
2716272
8519031
9526533
9243469
7242835
9061919
9459367
655159
129409
8620894
8589104
6647975
3620131
20551
9258307
1376469
3381917
5924784
5939415
7145376
1641555
6447600
1856044
8465443
648393
9413555
7363261
3447998
1468483
2525933
7375219
6701106
1044963
9418104
5944574
8287798
8480022
7920293
1459308
8609431