10000
4289384
46930887
81692778
14636916
57747794
24238336
19885387
49760493
96516650
89641422
25202363
50490028
83368691
2520060
44897764
67513927
65180541
40383427
4089173
3455737
35005212
21595369
94702568
26956430
36465783
61021531
78722863
33665124
45174068
68703136
1513930
1979803
15634023
35723059
69133070
25898168
59961394
89018457
28175012
56478043
31176230
53377374
59484422
14544920
8413785
56898538
34575199
73594325
49798316
38664371
29566414
84803527
12776092
24268981
11759957
49241874
37806863
42999171
82906997
35497282
11702306
84420926
37477085
27336328
72660337
59126506
5750847
32621730
661314
33925858
41616125
84353896
39819583
1100546
98898815
48233368
10515435
85990365
74344044
60313751
77171088
56426809
45117277
89947179
80695789
9393585
91705404
18502652
52392755
74612400
53999933
64095061
11549677
43993369
43947740
84210013
55636227
49698587
69348095
56297540
36140796
63480571
40651435
75960379
17097468
92066602
76710098
27612903
30573318
3570493
87926653
60260757
59997302
85560281
2724287
93209442
94953866
94429690
64228445
47346620
21558441
70744730
63958032
33108118
14738098
7905772
69834482
22890676
10120710
91698928
31704568
98777857
55179498
24872354
27254587
72276966
69455307
3964684
52406220
28625
60051529
40332872
12805733
20048830
78409504
15530020
13258271
73363369
9959709
77486716
73226341
31518150
747797
89700724
17142619
68002246
50122847
39493452
90892922
60243556
31192380
22597489
11537765
38888229
47469842
38792351
11165194
69441501
42757035
16087765
69470125
55324915
8936988
82275857
75373744
87346492
50322228
41148366
60709860
60281937
71151433
86452552
44316438
71899229
76153276
13975408
39901475
26276122
53468859
30794396
39036030
84661238
5908236
50573794
76065819
5894429
89366144
87231012
75335929
84639530
3318777
97322405
39964444
12255764
32114614
67854539
52118607
82436841
9002905
65344819
95235129
32670689
51797370
92067918
4569918
80466997
6043325
96987744
59259471
59512184
80298491
98295500
96689773
86206726
1385645
72755591
44617506
43268140
12502955
72469787
27907670
68338083
22308543
20388465
33110198
6939508
40759356
85228805
89376349
2278612
50573623
37127829
34949300
54887344
29195747
92035569
35354341
87755423
89023312
94613811
47267606
69321802
45425662
96473731
8044879
46811306
69229321
5178737
90079445
34248627
77648523
70503466
2586709
52473417
43408283
88213259
59412925
84167638
73442063
1305625
38962601
76532037
38433453
73911900
31419380
20145551
65947469
19290072
7900974
7487132
13903882
7684931
76808934
11845895
4158661
37370164
58657200
73387982
42548900
1252997
60152960
72713774
24272814
62739669
25187191
67681096
50952927
37116467
4365085
76911341
38422091
43327685
53443377
76855543
69755937
37379108
49517446
88219757
56669180
57418419
95706888
23089413
65103349
25032173
87451660
69262010
62402337
98625211
95166343
57467588
99878207
55319302
82697714
76667373
70575322
60401256
96864820
74044600
97517722
1229905
50955940
35939812
97073941
56915668
65311706
19346229
46811128
14829151
7565985
55996659
24763921
55789225
31602423
89867270
80821397
19054082
11645631
95740085
17679293
6811973
53207673
70073851
14647626
35905386
46741223
37739300
96306641
43606043
11783899
46340714
97352299
15256191
82280525
46942591
24688210
108582
66288820
71499337
14937733
26371156
27495995
92218005
82160380
11614770
82085274
62981777
30668851
46247256
58721861
48348143
5575580
64445885
18421994
20223206
52867622
17679568
57962505
1690614
13801962
22262755
48031327
11154260
37518945
82828203
10613203
14723507
82936785
76902022
86222843
50390869
55789529
66235190
42608873
37949909
77849959
77210499
53448037
8518809
23457754
64686249
9383304
29033334
29132134
80321649
1772891
81999755
50517568
12251747
83690369
64319530
34514501
84238047
75473789
24549798
67066250
86086991
39273304
50003034
15505364
78012498
52910254
71294893
44247687
95519126
61761153
74613997
25245976
15209189
35649158
48703730
79895437
45032461
30253415
61543922
77870461
32026305
96060029
28388028
44278051
32266749
92707557
31308903
16504795
20697698
55858700
83571044
59301040
95132003
86090429
74806404
73144501
39000682
98617648
69908539
87036160
12895152
44522536
12282135
28104340
80171693
13502216
60516128
77720505
43755630
22060050
55590965
28298286
70636430
36495344
72576336
2903178
29202901
3885239
19407972
2416950
12260290
55495368
61717989
7392293
41585796
89040744
33053145
33102830
87658391
2961683
72655341
553542
570
37453827
81174233
80172262
50956043
41690361
10409118
47228024
16266762
66000082
75526310
86903191
2495426
618997
89806368
84214678
4504235
61730691
86631627
16764525
17226058
48349615
76673169
11328206
37390359
9726313
96947387
77565101
65204347
69602727
30634995
65204917
7056553
64325579
97893530
10528947
58532291
8302648
57756971
74799052
26819081
85799632
14218594
81830858
86418628
56541313
18561887
43439215
70788356
5193513
12720091
88014413
6059480
41909611
51858970
95966190
4152275
48806356
26047642
69356621
70925434
9198988
87077889
30498339
73524567
37487771
41027285
32056857
45790418
51300607
59372261
25125850
37100238
26107206
59473060
76035218
82648519
78034946
71990784
53436874
83228459
84710874
93967638
41804290
26620484
45826608
37770479
30772758
47149315
16334472
52645730
70591101
25533460
39723619
1089439
99058026
77211389
94633075
83631234
75518158
45933682
43003494
53160359
35550271
69110700
12633418
64101840
4275570
90668364
36092623
10228795
26413174
73319848
4196432
68217463
52456683
2539391
58504293
35745792
2205058
27355116
88391522
72796158
52888575
80631492
26401948
4462952
10359232
21035022
40610538
38393741
19485055
83614031
91554099
55035326
5241082
4187517
71653517
62033003
47372232
7746140
72261797
73785405
33582339
28974581
94519219
86039022
31513971
5539863
21784813
86235380
32894978
62692686
59031537
38299905
43324177
85433484
95279208
6199760
58984858
35889745
44593500
78469912
72020128
88663951
33505237
29777561
45367819
57675106
91810564
92740050
65421245
16588712
19041806
51519935
45563292
66077376
37558956
29593615
24133590
59343769
15828994
9544919
74552806
27376883
47844823
17876983
65326718
43124031
76593094
24311575
31530127
21186594
2781487
3550254
9850544
88803075
33327815
7734714
46478180
25138378
474763
64415776
41727089
72032920
15935711
39806733
38110295
6011018
69400347
14760236
17871138
37745692
24305154
92423944
65122574
24666329
10300926
30449292
20306711
86894019
7277218
51836837
60596964
62575056
55387091
22963859
51378131
88714905
30698572
50372662
66369634
83689686
67304790
60613074
55722605
35756852
419806
46349251
41767869
22336504
61109486
59639007
60082196
85414640
52062950
77721121
10080968
14880227
60686764
30387678
54290597
67963982
34740866
14887561
30539037
90127956
90367771
34433519
31359212
21066343
37322533
50245197
57272380
4627322
10858271
12994985
40384173
63794428
59344235
82152041
38647284
72970073
94307399
51245831
10901064
46370348
28966951
20982031
61250574
89653715
3886060
68057523
10134048
38626925
82945083
93189436
81271233
25829205
27622955
12630444
99411899
64945487
62875641
56684279
22089160
26250263
69679263
14989684
42561042
81539849
97141724
81208325
7026273
91449123
32454155
17927336
90335822
13937458
38909366
4102748
3591172
95311777
72160270
13725219
33938702
7621704
6914654
15209934
33450908
87053960
80356729
32862807
4515798
95748721
89547085
79121309
74515335
11742699
94110992
17076377
45798899
91252716
50801053
52825172
35218190
35771560
70752507
25554011
49709017
62178225
82173110
5816540
57490001
54333379
72058110
43945054
61955082
31489115
11671339
95405990
71059427
92028068
80785148
75575224
87776788
70332232
54696533
62292123
34591282
1323876
31884851
80390180
92576591
35202255
33215351
80311132
70973814
3967858
58381495
73199182
66146082
40554604
79015721
76152434
94887983
3590182
20097488
9359416
35079297
31768826
4765405
6138723
23796893
85550552
34230298
64090033
8399135
41443182
78898507
42990416
42767058
63299709
23380596
87860000
98501963
9112298
20687484
69475777
13080155
79068978
95191310
31742588
72139933
26723383
7895022
19544267
30313564
80508861
28903683
17909212
12277686
33669087
76564286
88590931
71735991
10794584
5197315
32651477
4754117
84095821
75641893
37526
47395529
51538840
87897526
45897491
60651137
61101361
67889619
26247644
40170338
63080929
10506583
64826622
89804311
70917956
84370889
72634226
51426816
13274571
90543438
16220854
99460009
67107723
4811784
23712351
30418658
10009098
56363828
87689127
46621270
84522072
87726652
46533150
36060911
28140529
92430640
49228399
89241889
12836611
27992394
81928578
28433891
38498977
46755200
70754553
9416932
31126088
43388778
13360100
44400658
86448567
29580953
96377018
6072642
34392736
20089369
36491299
96918185
76453196
76696777
96055806
60975267
64423429
42588955
49552529
45080309
35019594
51297279
34322198
372556
79289673
16250775
28806446
70305001
15522326
99560998
32238284
46648413
95466128
45598383
43565422
81914694
75179335
39942440
87987335
62088422
12548160
76994986
11522958
89001355
53691762
7578763
2492973
70631542
50167717
4561853
15711851
37703663
8375483
2550400
38076218
87665155
18801174
19399016
10486507
86839852
71476365
42724791
33488264
66942492
88323173
29570038
1373538
16018860
22028829
89360872
78107281
34576988
66355857
42146591
23578342
72563971
49725353
78587666
43195512
99893070
83149518
58907362
90113084
44041352
13974113
28189301
31706507
85291639
104668
94709365
72131490
71581033
37434155
58136105
91039876
78273680
87706142
92413413
94292539
9734970
34290637
24916171
44311957
53162845
67062761
20406650
25726815
69304466
98994315
68922327
21713887
34660184
80346040
11826970
78701536
94320153
92532622
62924394
79611791
92637290
10150110
4259632
16734674
47584265
62395736
7774549
78374296
50101878
52704314
72666834
12353199
86994950
50099356
56665156
40157794
69678469
29588157
18400961
38982934
81098824
87323287
13213172
68275359
20185678
25040141
99493246
67022182
17572762
14933991
99150324
10210051
25084101
3409955
79461076
72668365
18322043
87235625
51042660
68423920
92456290
76225845
33293470
79451239
78841552
42474977
72125384
48520020
72063134
90526344
40019305
53161957
30365982
53232476
73953667
3068012
30788968
73446913
70090193
48361730
88380903
21756869
11088132
13465003
77683175
90549208
38649719
96005217
30301184
89692378
16945488
22757473
18434574
50238958
54725063
97276126
92713934
79366798
98312497
17293419
69893142
90848154
22971727
52775475
96596981
96925394
55843486
27385949
70372306
78450031
28264030
11269560
206899
39352161
24734563
30406425
82417720
63384281
26411642
12718903
5593011
95873481
87992727
24027584
98628790
95234141
21303709
91342724
74600939
72132558
61152494
97010432
62980711
84124221
49785906
59577691
81049614
5629392
86963639
3938271
84079422
15227668
15207830
36802672
7096181
92458744
67209096
89513900
55843025
46137089
54749155
13952387
42010570
95258233
37979970
93155711
90492374
11800031
84498434
17609664
83932588
98167280
14620095
99429650
82291500
16922352
59007340
15857465
22551743
98487331
72312087
59147516
66231350
87519916
95950187
25843882
32495012
15675635
67874134
40854388
61812723
22623288
54806774
56339644
17881520
92786743
49495355
60890245
57103125
86510140
31016260
93552064
84677419
45636354
92981713
19485270
62558706
4505405
35342734
37626800
2992735
7654820
96774316
21740436
47691088
45240854
100670
32702451
60916488
67974803
73556838
75245563
90598090
28363611
31585206
60995961
73666705
33596912
74402558
30769830
72623404
5418817
24321893
57300822
3571523
17303606
29302444
18646580
74325362
17161529
56273379
29834448
77332701
5564046
51574883
25023788
50804900
51675552
10242590
11721387
19650354
83799427
86966949
62764795
12163037
71068507
76277108
38346093
4665418
50679665
69115922
77288821
56098481
45954167
87105995
12186355
15774124
16408438
30832934
90099485
86086318
87106313
19933932
63419018
45186710
24025166
40959157
95991609
28217070
51201746
7712996
47867423
35001172
47196296
63148570
99680560
18264802
39425677
38026653
75446572
90105341
59658926
5251744
98720173
5613092
44874090
10906528
73903567
13798879
94255813
64003051
99885197
81362125
36453334
63304214
79065187
60478500
4263371
75056795
88695569
55465116
35286142
89079343
42982640
82482438
4744264
42663199
53263591
44169940
33206203
81226514
86791632
92865129
86478258
85511805
50994572
31352347
48934684
24898139
45151226
43190496
41417541
45036422
77068973
30387227
8340635
56134159
90865726
65120357
31190953
32077646
20585473
18993447
73673340
63568112
1475884
78417604
58747662
7255826
22587543
44470217
88482340
9379175
37335345
74960597
47407331
40846268
58829295
96342014
18260758
3980520
92048861
12194651
1533293
69117833
42581877
62390280
25251991
85963954
27510636
8959296
18041599
48096108
27952742
91714938
64180571
81944977
70132541
75444585
89200802
92720084
19914801
30199493
54615610
9766497
57676441
2022940
50612764
16505736
50881305
21389874
73002607
42930165
33584524
27052252
64564350
28682752
89442531
89816340
14646705
16953166
51291987
32688303
17565626
31761080
76919592
34262548
66222408
99568485
9707132
7939562
44804920
29621932
38139054
99420529
39388428
95815495
53959820
42517544
64837582
4841124
16423769
37840188
287640
2524644
64892439
64851989
31207395
6851321
7184681
45854099
23804487
10993019
31058753
93886464
42754099
60494696
28149011
8976506
60063180
37856143
16916067
4868099
19994426
7571473
56804979
59382854
3386967
10764798
54416749
68224548
68122273
70840517
58581087
68409913
73365160
75989878
33261901
4572554
82841198
92962933
2943004
59162036
3955952
86518108
53048499
46710050
99529155
33713862
8202907
59592335
71570004
77635326
16976785
91564429
85206798
73781764
3463634
41110116
84546561
57880382
61851015
5185186
28720898
20432101
73595098
54602409
48938330
59373350
11691314
84295880
4852635
14634317
43457915
8808586
53668776
49022766
8034987
53197931
82736627
16237893
65306617
54306630
46389570
34799753
98387410
31596367
8581516
54367396
25222834
45644429
12247777
87073848
50829614
93485027
60022301
76941063
603787
8960630
88830764
12295101
93256509
93683398
26929417
89230776
2491983
33114545
38253541
63043321
38828827
73506519
31797566
56651795
80329500
78187135
91451547
78716909
62299854
33063
33084304
87522687
98193843
97848433
74596535
1539808
43849811
34618835
78480870
44453597
96095816
19827985
56748697
89352325
13511383
36194466
31099452
68519717
21825362
21869344
31563038
60654188
95375862
63360603
17305982
75705361
94064089
61273880
6938621
56363942
13823294
40022925
43886629
12017136
90387709
18483163
13556943
86753871
53101997
44554164
31207467
49197812
16898501
40472516
91066488
82926235
29183333
74682291
51445951
51008694
96551634
35525340
11662881
91927495
51402294
81485214
67632855
45466383
95275445
74571476
1830324
9098739
67110752
45716952
21115874
10014812
16716466
87189169
96768682
22334814
84259684
80492500
24048978
53674536
20965015
15115465
36600770
50148347
42314108
40563073
53673392
38865741
76088412
17852624
83309588
80007058
99337837
3458794
25473440
94613282
30546621
79820115
56228372
97657372
78053419
29860597
60188535
94769884
17049765
9473568
17104698
53825801
89966068
41153675
7500336
63447434
8785491
96617458
66112133
3615950
37180530
19785524
42481691
65785293
37638148
78307630
45792350
89492336
81766423
23782141
36621969
12313044
3602256
92850340
62486767
34172026
22710937
75191654
81458261
92277053
84665221
98562958
98619205
74631288
92232984
6119541
38078722
53534827
2736998
56707206
9667128
92433879
76492729
4665170
58219171
66647228
82972799
4011521
56139564
64739222
27793661
45277884
29568617
83912268
38128224
92055383
18084293
13355512
67247036
99542554
5632564
4428609
50621863
4251769
79059896
95371199
62887661
69654969
1422377
18141010
26362174
11089504
10574888
55371255
15754674
68794058
22018482
51243824
25321930
30674397
15983045
5631943
75952281
98068013
89544210
66596856
42639748
60144855
79952367
62403135
12203760
38101282
66831743
15341974
94869402
45891639
10713172
10273414
68062959
64651900
28414423
46941485
28257756
91505662
54829091
96528781
12816072
29363924
47772604
38138001
60038321
16272001
43769943
88506953
14340013
85830505
55103808
56979760
45975359
87572526
19382895
58179118
78190159
86214637
73521091
73059561
84622627
36750615
83332974
5201938
53918866
64263749
52143422
82176621
55769410
59488864
78705401
21101833
88852787
26478005
59239834
1407459
95266357
55526128
89914411
9606369
41356632
97534570
66586129
39848342
37623447
38485375
98027459
15813606
24700011
24064902
88873166
61838990
13331868
24722491
67040927
67250733
88986239
71700700
1943706
97272001
31189563
33165458
18373833
20042349
59643462
30130018
21449808
7426170
38172498
63880570
17032539
79529129
61415140
36135019
19377471
99038586
74620393
69921281
67368543
51836755
46502534
56241708
13675744
59834401
33480551
33233022
79601486
22466789
4933721
81545191
72255141
88639635
14710648
43145326
8681984
26870462
25791695
82648143
34296631
63964192
99045064
3845521
43493321
12976555
39980539
15387143
64531493
14600931
85308423
31900035
66437686
84327309
40658095
32629781
44161709
74138645
65862803
76279546
49121785
70796523
10341088
21376926
59436158
25051736
17038603
20634493
4438549
42830297
55798987
91251531
59310841
54844050
95097052
55320513
20336957
35077590
70707655
84868449
2194873
8532429
16768483
68632558
45376089
57426577
1262338
89537798
31565221
67125140
18333695
80687006
90438015
28674783
54580283
2390524
6242870
24135237
23025016
10681418
19481885
31340354
54449300
78792725
38700755
49546351
34113237
59037711
37140293
57337243
43906159
39335165
18386024
60674642
7967722
63762112
70617570
61746411
5816261
2182791
81387903
24149956
35386148
71825917
5341090
42482782
74216440
11583959
66618018
49757807
22265376
86099902
33614512
76714675
17408979
72315266
78777378
4038567
31352977
15917670
13892162
75259135
55252834
84794537
88450128
15736907
1073000
59067698
77483317
6889261
13766840
11387571
83555568
49152987
83213487
41413009
91635768
9946278
52996967
10770137
12220436
27778694
96870038
45834947
57009720
66795368
18150213
35787097
70833935
2019541
4221118
84726096
77278675
59473951
69520632
65728803
27727209
70593631
77312852
5210526
29999243
91079691
69114448
66071162
40232677
52327935
7484170
84384796
14790564
60481136
95154932
79527352
40776181
44541321
25362298
97785901
11336689
96028862
33572997
34686975
98048402
37794115
19413070
27843429
49784417
41450053
46088583
77511626
12043683
23401434
35238503
94559278
14481124
4352950
13146791
7230152
9197236
20630961
91614947
23987800
33628448
39286230
56031503
74404629
83827550
81393800
72190529
47680590
29939014
58279877
82367564
80503767
96073991
54296985
8347195
98374760
95747037
54435777
75886385
60307072
77837210
63641239
7382701
44834685
20510540
20529491
52064836
29707776
41160451
43679782
6211927
27305251
35482363
62243429
1709879
71826265
96153580
26416759
19506854
78608945
84696635
54390770
59112712
33286978
61204106
19976258
31661737
56951143
74412035
60064473
69774566
4765596
23705711
77157266
2116633
44216250
50203108
54181468
26440377
91363559
50377602
32652303
71185161
85859964
47412083
72895039
57686228
96082015
99311797
29709434
74690959
84008431
36616555
33803670
17295408
97820660
53779928
1473496
54771802
80708314
61537968
77062719
37990261
37760030
6736336
40106893
34492632
56939444
46804713
60933008
819354
97182314
46101663
72004514
35558629
46030097
44899552
93244857
42112111
96727700
75470642
16803070
33252482
12087196
3123091
50547890
9907855
9419370
4537737
17196009
90127683
66075705
94258727
80634296
3835734
53511415
20741188
38328365
10450858
20062252
51777725
11270211
17244565
50395739
83274724
52803194
96425835
80690627
98564402
38537946
77418326
26551395
7857367
10670807
38638590
10980457
13735048
1062796
20399827
18272785
18258804
63043861
36864841
65033883
43678156
40700574
71061649
16935696
31545291
81512506
36997947
35839367
45299068
6758864
86235105
28573791
12078409
35177291
61780769
63159162
73715236
39199094
89710556
81572602
2386252
28349145
45069411
68637652
81928292
17985589
86910436
52703448
81029449
23775276
70253682
77223957
16992201
41315330
94159652
1053843
22827835
83673950
89409561
68126902
42949165
75644665
49217044
55027573
10821956
10997812
18186734
37053543
2713257
60413641
71142497
57615860
41279137
68728259
26253511
23207429
86713847
65680298
75910876
67743295
41971925
46164557
44967251
58964126
87479886
91643254
12534320
62824072
27833556
1943881
83467325
70782720
30104897
32684368
78326645
93443204
96198531
49029730
30496747
98911787
9443371
54155595
56527646
3238859
22883853
35297509
26446287
9597699
977806
54873514
29857345
42949731
53554422
27340948
54430208
93550659
18984201
19480879
56374730
99334108
21424759
39842054
22633180
4046008
25042773
53476176
97489211
21241303
2505905
80502309
72669441
64465627
34657903
29197087
67704486
10058107
17010947
46667124
19655805
17988752
1540638
2029502
13454834
7611411
29370449
20401393
1162070
871001
39882272
10053151
205109
13823382
2411557
22838288
17869389
27454329
76314463
67874952
1211984
31336719
48377260
73881424
95802346
35551515
55594862
16023183
98125973
72605808
15206658
70298130
43110912
16747295
72327631
56565745
76875058
1698079
76967138
78037127
2569079
69365761
40606629
2774187
83189142
43018185
78128826
53574883
22988866
6959640
21449834
24200849
38296359
22343445
50598624
86615056
10411311
6193486
55154590
8537284
31315645
70361247
78835413
74426556
39624894
51163043
30992301
16499951
52861121
60475790
47053429
7946551
29841550
87660057
10720738
65547043
30678242
41365915
19121925
6183459
48325555
93088110
82900659
39138265
15431555
33499282
25753320
78359217
92209119
33424261
86896500
23524764
3785507
18248264
97951319
43410400
69411306
81459971
12426702
74788778
94452112
59480130
82735329
76810013
47140187
45972418
42357056
30334780
39854684
61478980
89034590
88180238
54567090
71935248
79834854
22514996
57950881
58104525
874212
50160000
91528785
87770712
26201115
47830644
58535327
76668785
91241043
27946633
10645108
56184097
55251762
5097219
15664226
90503442
81907232
15320764
88992211
24264287
98171895
28846895
38259618
39722836
69543484
45343059
11658083
49378338
67858054
22125316
59999214
21248618
72285315
51527999
61535681
51002781
99358642
20071007
27671565
43116036
48017639
90833024
99300132
55785753
95930243
67480710
98805546
30353826
35317825
87797757
7134464
86006072
69161003
45394081
25728907
38704486
43253492
37386990
40599175
11111545
12028657
598389
32360162
84313971
4642739
93895842
87833103
4001380
13966849
68021019
99633767
14500839
58854043
51450251
22802943
54784285
18930960
21608489
37654462
6765136
61922597
44788925
92771207
31083599
42699357
18500114
22304436
85952848
8403455
15419963
49580745
20432111
68534703
34457258
57262433
73177441
80869452
97611887
29695172
94836300
65632905
81845290
61853490
24486947
33295540
37172785
31787583
4742851
58781273
69442044
11507987
20703869
66747320
4279193
4303819
9446677
75295658
26608254
47915876
36215464
42028216
97496620
9163926
63079270
31953878
18942710
36256710
65339681
16554596
18468233
12692332
82187501
313523
74545821
6674447
86125414
64234957
38462030
90868265
23016229
60420425
2376251
96236449
27167745
59171795
53056619
89130773
86983805
79664873
37046648
23199268
74209440
87059620
32363194
37288710
71529849
3822255
26061771
36869529
20376851
97046356
49561860
2564351
49876230
76624032
61755149
36001643
40858989
217178
26869907
16391569
13153955
81762509
65144370
40321699
40934304
18200988
29452471
27918108
50382212
19015470
3633727
77108004
58591441
88513272
66913065
30121289
92335527
45491187
66990817
12712377
42537542
69069028
67793079
44930123
45693060
29548227
80931766
39068400
29765405
60318024
55459968
42919359
42080533
73120689
35757409
35531188
91321677
17726231
63449295
94220240
89258052
19599373
71328243
47849493
8112645
38241307
77970781
52964523
83732494
97477950
65676899
78786387
19063329
33469977
23716510
64756388
63018203
57164627
56341139
45299959
17482650
64317459
40735669
59563182
37438147
29009429
47610721
81276175
46735659
11060015
75496415
88510063
83175740
46824657
36359555
43804736
37582316
14330335
96769258
73831161
64324636
14962508
52617547
83387965
48432484
76334056
660704
63967038
86015034
57001843
61783349
3497684
21319301
55035369
15577217
58757447
36561150
63187938
40033622
35813160
26764304
68046388
24323222
9940043
14871044
60682776
53744778
4969711
27529463
3030387
78800871
91854098
17992894
31418418
75242062
18941729
60268825
28419118
82908767
46283859
85420960
97208467
2297894
6740260
4760187
17875110
18014058
41321336
81063047
10564031
77134496
60343703
78610418
1457717
22800097
45997814
62140493
76544875
50967524
42186307
79575261
29768395
34040404
50084507
13703164
61798818
69026235
26488340
90217935
4451353
25288550
75638894
1659819
27586443
34895505
6420006
97977905
5425914
257693
31557303
15989945
77392188
91901005
94600362
31366257
14701102
93114527
93506749
43762328
44082051
35693055
75853940
26366797
22249810
25938446
92586312
84048627
94964681
71591003
26782913
99416033
96879553
54938158
53592204
76982347
89833662
12528561
74960251
47775928
12786253
6517554
63765872
90178441
98418558
10882585
74061049
65636011
3997112
20084149
9398338
595514
8293555
85252278
79478662
30543364
63707075
24581325
67108343
58671755
96172327
93891255
10604140
93051879
1345765
64196343
70034226
43695778
76724903
97510828
91471705
89511155
4028381
55237576
32205947
54963291
66120161
6266995
20599301
22633624
26351143
82513991
75745489
34644697
20282620
55224150
17704413
83989694
32321826
84812755
42661449
28494152
31220361
53265588
74062383
32566125
17461930
96612960
76261903
46703184
94123787
67733607
36214338
98152168
75487535
20936637
5631810
94124047
27203631
26231110
16757670
6071126
61261452
92503158
93232174
81544071
243659
10936586
65533765
32565484
95749340
60711565
13575987
79486053
66493504
87638369
12052177
83955433
84251328
40830431
83174968
30891467
8564038
19389305
29043634
84051572
92842293
87191795
78175618
72562276
65939256
47449639
78633401
27200708
92469148
71865574
8744778
45229158
82802160
26794894
30310993
31067851
87506458
43886979
10553903
53999961
31525348
75122432
90471745
68293027
15952862
73646712
99184493
24516899
45552369
80744478
61084822
38394661
67936272
91776791
63473288
86391880
91742781
42106688
13592587
36728280
66488614
22337364
81957437
1807125
1648610
12268429
32874975
89155067
8671760
95945230
43155028
92713459
71067661
33626772
61006485
39536874
59789836
12707330
16570125
5342204
45968159
77654946
96253216
66420783
21948089
59726504
52812662
13690869
54349543
66405248
2935501
20838156
41258963
84892937
75161632
42907572
49677718
60552959
32062639
58349477
56498188
27734018
51062935
80082200
13877141
64585771
19619073
26183328
29809452
36189197
84041883
75777611
66360495
80295099
42198393
88308583
92537954
95011054
54515803
99403848
13932653
9967655
72758356
55191615
94860592
47919987
50615539
97054661
8472945
35194529
7920489
17487484
62928546
58983423
50086035
29322038
76085545
69705108
55505366
5894997
58410656
39547248
81672607
24771150
72358698
76387351
65596084
17413003
71398404
72628239
16816851
85331056
82595893
89575206
93039022
29972836
37495192
96170912
27027496
98484489
31365440
34947984
68488324
46810337
46447758
18574359
28648727
22533303
88279466
84154092
80944651
46690121
76217691
15133609
23977623
48576389
91520959
42090058
65989391
62919362
14718296
82806241
766769
49830541
24897798
46322142
79803376
14909342
42493054
59347224
13393830
26374845
46811559
81882153
25701534
93259317
456511
54350260
68308971
41252328
38504351
1769973
40458801
14722041
16903581
16952775
15814781
8424539
59042832
81804172
71343900
26277480
17126764
24627020
76108020
42024562
23465513
8427747
9450255
18474918
67774970
22844084
44849763
14586529
57242588
70551296
60362197
10215451
24901555
28671167
3984130
15922257
30441139
44442930
30644297
47344719
13912056
98975430
8285609
72954888
80779601
79629508
51748719
50422716
56772879
27856738
44963629
80238391
88800836
54413883
98713309
56575806
29774318
96079423
23678686
39533258
19147070
84040882
49748708
44048624
65228400
53732837
59970880
48185890
50692119
43131528
95530608
64604174
42106957
3816216
90075413
75402909
35962075
41824131
78341977
45251305
22197220
75821957
78006047
10998056
30235840
29235707
20090213
12526509
25315129
43768898
52059766
44462198
80326131
1808473
41027173
45554530
8057662
53514404
93740419
11266132
49162284
41787378
28386657
43785592
98119945
18462070
71704853
86598371
12802552
50046829
84366027
87516124
25868785
62372073
51030531
8620976
91607780
23637095
21147485
69439260
67405992
73207250
66417810
248474
27532075
7444982
45803003
35589736
13475738
92059773
46855867
62638021
86363502
27758875
6423612
84483446
46220944
30644816
23598168
11539848
80691644
7964194
51572323
59076781
22852618
55119205
20214108
14460397
78756299
41361592
36416009
46162290
67085194
2833818
46410763
94617268
62795151
44730117
82723355
76270888
89306241
82095573
91425260
75669742
9854447
50365224
12669539
8591743
81010039
36267706
20131590
61701683
96748251
24220264
73294815
19600868
79339468
93508922
86577617
58095766
87386866
22993625
56774407
54472059
25827442
55701521
49089326
88622592
52947989
31812680
17409832
42254229
13908252
8835091
17923970
23762698
59200314
83109860
84870792
40210353
71893917
57518733
54428387
68642167
81738996
27723201
40759386
13594815
73748474
27337002
71690580
61135339
2846978
80981338
15607397
28674419
36682858
17213074
69813363
89630846
1542105
87223194
84401426
67966708
48574636
54841747
91729406
7774950
37951606
29116549
501654
62361874
86635282
54930040
31004040
68374277
35169592
24279778
81969092
8918065
4133131
6176023
22569756
6980109
87157361
38177152
35654527
76356570
7906578
57984241
65987416
9448682
45207434
2905193
77415390
93782070
57746940
21661147
54073371
48214897
50777695
54575024
10576771
37412976
62021415
94097162
58303605
97191006
18376939
40272696
58625422
22510070
98965070
81195177
29490178
86122430
71888681
17661056
62479000
79795258
75645297
80982767
89243939
73369082
83887959
19175680
19667503
94151250
40836826
26257225
42366147
44130873
80832248
52942917
81543848
42853662
47040078
39847452
92561019
65417017
32636499
51186441
40443438
31601569
32381617
22449967
70240350
4270297
40111022
32719349
36581906
68272670
66218467
78342197
41641752
2622778
97517876
13825606
96774027
90871054
40082831
39140173
35001926
73431430
92083089
16545773
68801444
91639519
8909577
61362462
9572887
94062427
12548902
50016324
25663995
97446871
72466290
48420697
54233519
65093663
33656397
90815425
33366333
99874864
69157621
27524436
2497641
19191848
93866393
51788019
10062901
33949223
43444544
45064826
59897005
88043984
14126951
28698448
79683502
75552879
90060909
89256388
69615305
55126163
91789063
47795652
52573033
64255352
96216348
59322903
81865367
29872744
50138327
67748051
82263959
71812299
47788838
37277951
43520499
41655230
89065970
53583399
28120805
32510513
51164577
88017809
73070848
17807879
16716256
52754350
45877109
6777164
42010737
68008765
14419678
86316152
15804416
66992710
3087855
64537115
26315613
84953221
46926211
28970291
52701271
29190169
53298942
490108
18984472
96819440
94661690
8050441
2919190
22782494
93077305
6600118
63316654
66148152
76924348
80032909
71418853
22801456
39326424
65945942
43326573
53746102
52262093
11647340
73255163
55349947
76184455
52087127
92819520
75627017
33573770
45520790
4817185
86872711
98527250
23801656
36208502
45705291
84368448
91644043
68487784
29962104
50760513
84320789
48626608
80201212
64353697
72561812
55519020
56196472
38507753
98845592
62458925
43286197
10492931
35714088
98636144
39193737
40317566
91455663
14820753
73891335
89492804
72154290
13280397
40536405
48472297
49488898
86241695
85357097
93649293
7245830
15319200
96926157
91566618
16462159
77127368
8436666
41540323
32646387
64633138
80048075
31491978
27092062
23334272
41984909
15322501
74486767
33694997
55640067
18458781
48515750
29531401
60467936
20670039
42811798
1004341
69142335
44817047
39762387
54499431
90982691
47008217
22334983
87908847
91091186
91313493
65036215
99527852
32853815
50198953
16677341
65418242
81690931
96285754
41268865
76192191
11608255
15755631
9887187
19764673
86730763
10919288
49296073
47198698
31589326
44624222
719390
731661
41957621
40481777
7747443
32940311
87489993
30082425
73365510
31097530
73912270
90918076
30625381
6766084
41117028
47302721
72184325
75324310
43588475
13453189
51516500
7713081
81725171
13920039
27477753
68455933
24839326
29290177
68170983
56428652
73914399
68890372
9676664
68388371
9372148
69940458
53845033
49378492
52539235
27210542
80476022
26451504
18128617
63617754
85733939
11761997
63436827
57918264
87086306
59541653
23887804
91119158
67254733
58129327
5039196
47248837
26585259
29878521
76539013
47272593
38823524
2969763
16162965
1016539
71358133
78051464
23473349
25203166
79946308
76012583
4930059
60422329
54980438
75575028
76556434
40714376
87337024
39993260
51148991
74423329
99534912
27553147
65542486
19305996
85682473
23098033
66554832
64784083
5492906
95610197
12056676
44316429
98579959
28219640
97849320
22454444
58787455
21322668
173961
38733762
49851602
57620371
51672442
4832039
33195398
28228876
45546414
20532421
20738487
49211757
47472102
20273399
76764903
65530939
92095746
62447375
41145324
11166930
27231457
46638229
6777126
39288132
43471009
57873436
20024123
93836680
32844231
78811578
15159347
33018191
70061691
65010948
43154914
21734133
22359338
76350311
49963008
67905752
49399084
70701494
17117508
49387537
43491244
93882410
67434827
35586990
8846136
8580150
46753919
36077592
55218378
6047396
75365724
51205739
63920831
47906198
45042418
49281414
26717775
12718117
34815956
96779466
30245416
77970869
71029950
52604754
54321180
20992957
73026857
56236615
44210802
42660716
5624151
40218398
89059477
73058977
28321739
97905612
81639127
27592009
33983203
89373856
33639404
61865278
40579594
50076586
9771476
85622012
99357999
89005602
98340128
86690307
38301419
28585543
64661175
9331368
33706648
18982354
30324324
6733504
75218968
27051478
49394219
33359470
19786227
38453695
6418447
48107965
36359306
40573925
75699973
22858861
29947780
61855728
84724138
23043726
64448665
47011965
8665737
16323016
36017567
59522216
3013322
74318985
40624110
67674496
83650353
74330758
39173202
66491028
81064261
66908521
46058857
82974832
267991
65845083
21428526
59202789
13953047
10304184
99776713
42169371
33163044
29724492
56541450
70403533
52768217
73506467
17415498
13950305
89829482
53433064
25988872
45359155
80268400
66612982
65550002
63918752
93460091
4723203
82926132
27040703
24148076
28984988
10015534
24416066
94830071
83960412
36135206
61299469
46780947
35911918
55985192
79943990
18152761
65042993
2863874
23437330
38549459
20279371
37387634
80895292
26228786
15892858
78770798
59013538
35022191
44320800
22932289
28482281
1560354
58374772
8039335
25708429
87359760
70571221
2640846
34706182
7047984
38776051
48522002
53828930
27204320
4507193
86289271
45357081
22066538
89153144
68794410
13132348
61948867
58698395
94027640
40694004
27107604
25314789
99707541
62129794
69635588
75156182
43128426
71195942
33530953
3684113
49420722
73407064
74255333
52061568
8113245
81303316
43353970
56635247
35132245
70558290
13658791
21421515
68431722
35725328
63091010
37226131
48857676
25039876
48440877
95401667
18250232
75548481
20716455
17957772
90194626
90352043
45630305
85839404
14064336
79161258
89523516
63485057
5084673
63778848
68062976
13197918
97598515
11416946
69833164
32730759
34491587
83491954
6668625
2923308
19217282
69759634
92665790
20591309
47315862
93623018
15992975
65566093
21687850
36709429
36040216
11882476
79577823
34186873
50238231
93642158
65864482
39761746
9643567
70949154
3540593
77706542
84147071
53655459
41639839
6496586
86386217
76131425
89988540
45571193
31571084
61722173
67847178
24236873
34829833
15163039
70376243
50822807
33245483
92064092
40048587
21802051
56462919
19626410
55988923
6701149
65784919
74369756
98979246
75428485
45318909
55036190
5651379
29465980
8691648
47291217
35962565
47594216
75938994
78467456
93165408
7510077
92705980
61012586
84263302
27535812
28691976
7155896
30874970
14453811
99219987
70923557
88772213
8199258
43066318
97277487
67416758
8851236
71647242
66396004
36796073
16966150
21432193
42447451
98948481
30123841
42255019
87427398
77718056
18194012
18411205
23399816
78220441
11117185
84412401
15000094
91169348
65620728
22155989
22044318
80074538
21375975
92967874
21363102
82091584
36034191
18640588
49508342
97401778
90287829
68420697
86714202
59770331
89852889
81678004
58718811
72493081
23933023
98662560
50211137
94643386
17073765
26127304
25380178
80707301
63056056
40380271
71876648
28676783
62536259
93920965
61267673
36428586
86888838
82630774
18520169
75439380
1271362
20544862
25357510
91559190
88965558
12071711
51329520
78818447
46266067
62564683
3827879
70199089
61227242
6555367
17358826
30817358
32682670
42739004
11524658
95738725
35635626
83401306
24415508
98171885
77322270
38199532
34600470
16727460
20830305
5636990
44683191
22101666
26181852
22557052
66177208
15147409
34628763
70023079
46482207
80894829
32587761
50310086
3610269
46331355
56865452
73485446
77148712
89548122
68740801
88673370
85286846
4376427
24591027
62218705
55064663
1913296
418236
89665132
71157107
21248541
95302121
68356650
95866558
74000324
90913701
14560117
89147733
78058815
84583196
88146291
58953643
69687308
38456376
15080263
68535014
47838180
41082061
98200078
37386301
9822861
86873447
75189498
66715639
63980825
89924555
21780301
18410472
90342790
11445432
89567579
64107682
59263905
10440580
12490592
33264228
1354280
27050708
74928312
79413095
64150255
63074603
90883089
86353915
54047330
58479704
7405280
1885509
99561764
5605357
91788161
61900976
44995155
19494011
28616615
8975979
9418565
50396915
27386451
99761354
14358699
69470381
16385388
26138955
79910960
28875979
11919534
81265239
8443038
86847846
13194685
25109645
2438800
4077774
11463559
56486129
15073829
18868838
10887990
14635592
76990547
2676150
29052919
21985701
22170160
57669533
30961680
31588724
60582800
58348130
83866430
74941498
27818510
251817
53596804
60245821
81644147
65516337
41511059
90087184
4880534
7222096
15196828
7319333
63816221
79176738
16321814
78890049
50561928
27209803
46041992
27552474
82402304
75094910
2054526
4572464
32764443
33016205
88677539
45863594
43880686
25060320
73321443
24215547
77828488
26918246
84461367
59472634
92434582
78488778
2076170
97315116
85710873
69789349
57150800
49527093
1482439
73472613
28417141
52044366
682415
74459132
32113191
35601071
2070393
34167716
40173534
87351187
19700273
81367424
33214780
63580958
58944096
6536222
87796505
36772583
85970819
24774223
48761569
30921753
3263000
3354090
80753220
88973872
25659790
37904019
91017316
27142228
63892984
19434456
31702945
17091750
46409939
63816135
52692820
996684
50500203
45382705
88347870
70200475
26750129
21562650
86297784
85694224
80615223
26610640
74983158
19102394
51384863
23744726
50024146
7164214
79615167
30777365
48654438
5274957
21197735
39671753
32417184
85090718
11622561
16636481
2182468
10548851
32968967
54875287
11545534
83469169
257992
99893404
6185995
79524472
73972405
92483779
17735047
7103979
19094418
45234556
26206372
70479280
21495634
28746869
77643494
1110800
12040585
78814283
6385756
33238320
18486035
91319292
70845389
30108595
7955772
25544208
93173798
93441090
80419495
4719331
76910259
33193838
57129086
35612605
65234661
31101490
28096383
35486059
90721821
47190801
80720614
16928192
70186432
2216247
98191413
346277
3327047
10231997
79160559
62229154
95986668
50162946
53548445
66832057
32787892
14020568
92376264
25961689
59978010
25312110
30681020
89404620
11022299
40326457
25017224
76256959
23944299
53113607
11743017
14666119
52820759
44979983
84110662
75523542
47196229
82302074
75869819
3039627
92534071
7546729
65268781
88520738
57709674
71333577
7869146
90497566
37870497
245410
16459254
97848506
78073871
99656625
87253125
89096170
92499434
12270348
65353128
16443732
17900306
29612497
31109850
70721064
74592479
15220511
98760958
74305059
50038937
74630776
77344686
95089359
82177504
42613466
36126448
92403530
13947042
43995594
82901095
51817538
96757355
51876700
2182395
74831225
4049677
89435519
16443746
96549110
54222219
34313226
65509193
72122524
63925722
96619042
95359940
91034552
64355904
94120897
65339610
66911192
21268024
42684295
62000550
55961879
37814112
98126998
881760
51761154
42122591
83782854
56095043
91396297
88175906
10793790
18743873
44741934
229308
35187619
93807395
6967878
69500844
59316587
31606754
85942917
8451980
26966693
76977468
72807883
73603941
94833429
39719075
47388316
37517724
54235976
55866546
75331835
52362973
56748306
79609340
47001915
93047511
88220735
38398211
81223416
99014524
9658436
78481701
51760183
44846054
72289095
58728061
14346897
84122033
90334814
289813
92574012
69817858
29783632
65381895
95938150
24617060
57617321
95842817
14651135
11853296
51709362
42499322
16732621
8457667
74625013
16250887
1505178
62845747
7165450
35244945
14376622
16823885
13726646
18653157
61669938
38532092
77381217
28533186
22654125
20232382
81339350
67744488
42566591
11122981
33126382
91021092
88256392
43260054
86863908
2907527
7629702
38573269
45406848
76878674
99547288
72548212
93129560
1052465
87910311
295009
88813761
2286932
69635245
55056758
20940088
83821534
93588850
50837656
12354719
68759326
23586389
93694068
36503813
66152979
57333400
22146547
57174070
45589792
17922952
96554329
1013670
78069005
35127598
98936869
54947678
34674885
71485080
593590
88243701
59395390
53404950
77057461
14198674
23040195
32114219
87655113
6861728
78219420
91009121
19216447
99495097
14595509
65426866
88515261
33264840
75276618
10661807
42955261
20866409
81101111
39509590
74396430
59170115
27153539
73333298
14117793
14344775
97334729
14711382
2588475
56730119
68116331
32162287
23445144
43672877
16792857
11100256
50534605
47528628
54625728
22267403
99540076
69221237
40210620
88055337
55002428
15487237
51233495
97957688
36353645
32334605
37467277
10750074
91504720
17137167
36599723
58138864
31481941
33934452
25366597
86586767
43180922
45999279
71265406
66626065
89672156
88058262
30242672
92723112
88103242
84868400
14990514
87643317
6605988
55201133
28215005
61608415
23204722
79448500
59566102
59558366
64299456
49549731
22824792
8320527
66686897
11940866
66459390
98168838
45875317
44342338
84755604
41572590
90341617
56021009
60715006
32530124
96595623
90957678
77769587
37215216
28342429
45276452
77374884
34948416
477584
5589889
96556830
76198657
37554740
8639283
35757023
1854195
58189013
11098166
10174722
24875910
75555383
29150463
23044747
73947052
73492801
60316702
15519641
16350769
68854063
76234647
1397244
17966037
19708676
79166830
7697604
48051104
24443281
85072487
82999519
77437216
43178727
32072700
53635873
80733466
40711982
41909247
82587661
98900995
5523764
92762382
76293256
81079146
21912844
51854354
55026197
47921996
12171055
23062190
64272764
33541469
99296836
18186359
4023857
19005511
97353188
11721460
19572966
21796468
96793947
2572484
99233684
39972673
87161535
5385908
20706139
27873516
47295154
55810151
26774510
52818917
1088884
3067765
33898062
75518079
7438470
41440611
23440075
19609525
64502800
40229190
5667345
63799635
58415549
9691202
35321497
55768736
21412661
54894462
30081556
70722959
9983297
81831591
10695632
97144831
87217498
83918122
77534698
34512651
92244624
56825560
39847919
93333507
12409676
26262332
68851585
19848146
67702942
44808011
39457670
32205741
85037201
97641366
48521727
95969101
7332567
36359575
51737836
28745228
43770388
34335743
51984538
53753684
16167333
62680169
3414866
3384830
99114642
80949564
90413832
91359265
37775123
30261750
84692771
2701150
56524082
6060708
22549295
24227023
50868718
14523316
8949116
35905918
12164682
9987194
31875018
19497248
46346769
36129206
758827
90117156
70464948
52743365
96387192
39148633
67939885
99802057
42533462
19570879
33267972
85463646
10930143
23559446
15725395
48139266
26260596
24765828
54199973
48809890
1509203
5068690
63333206
10458318
93490960
75497887
20445511
77882329
47511486
19308631
66527886
786665
9425787
89509186
6046381
5812978
28657818
73986265
58131386
23707631
93557143
43915710
9171276
57003638
67475155
77413023
5142903
46252102
2178850
11859227
95061992
3688052
69444268
10911549
66662721
62935227
38925787
39624584
93333908
86437272
58933214
59861793
39740288
20875352
1887330
45786668
79204681
30545147
19772933
37336067
54252778
65846427
33768128
15940405
22850064
1243282
93353427
80509318
11736
48048629
92368544
47590079
4253032
61812812
58501627
23432105
77264390
97427413
63056688
70598297
36381036
74506253
82976442
28637676
95381605
84863771
74424343
74586285
15408918
94197275
64438703
22178047
12560054
98206830
38118451
35410117
51966464
83988230
68435787
51978199
32036858
60804330
99568277
36289889
22617141
10586255
59721993
99881531
60530019
75295032
22996179
49427406
49801285
5972620
78065081
97699241
43352743
52489424
24801877
58761660
99203050
41756932
33456058
11763103
39963761
24090860
99689572
44446576
8079089
68125358
96424774
40115946
81446039
48509402
28922187
56579532
59095656
41160531
8977414
19625674
16455563
31973592
69053080
18773199
90462564
47118160
68988791
33815306
99607583
93790667
45093317
51326985
35547598
78549374
63090087
28027711
55156585
15296010
72474286
63235674
35937719
21415412
55867971
17383758
69924813
37306509
73963289
29020469
78467040
82940702
1162494
47438954
67430645
22731925
66212152
10409560
69850085
87717294
44224865
21974019
81507960
41834533
73301003
69571910
72900258
88907442
97599620
28056843
56719803
22590257
91292516
92657522
44005668
99676838
62557631
66446833
36983347
36520919
47983653
15450386
71977972
49146146
15405691
91924968
71878071
81617842
2334528
94244507
21851487
99075744
68734877
3359446
40910277
42035880
25447707
66326886
83459673
75563678
94383728
40179475
50670287
38192595
85353348
94675954
37869433
47910978
13639138
27369131
36948248
61622790
42819516
61442571
63285288
58225206
53367539
87679710
92359399
8218418
81924216
14210885
59810513
50659092
70086682
53237141
45211323
48050741
19564027
81187347
23614418
66464106
21366822
26801056
4656701
6720169
21477010
95042485
7147499
87632499
22411615
44095746
49255289
17747482
5538317
65056928
28489039
11422207
52736637
73364789
72156976
87177204
40092025
31967488
90352647
62695058
85204629
35563970
10745798
4768655
69267668
86876568
23749112
90634489
13677623
28405812
49871010
87670984
75964648
57018508
75303483
50892614
53630605
77075123
68640095
59168921
94648402
49645485
23107479
47385038
23010273
95264454
87078593
63102297
27231942
77431239
25797355
64952922
65511560
36543152
22237928
34779228
75936071
45987039
77930068
89613694
26909203
80317429
29801029
2873850
37335936
5104511
6282816
43482893
34695985
74922910
55168165
29344386
77084747
78275644
29245775
95019
26056449
16324367
63197316
5804742
46271958
41511022
70757663
64299869
30570525
45511942
99079096
6506596
91498981
29525516
48636641
18408183
9842944
78437669
73798384
99695232
36058532
80081199
43178124
23270868
7520461
50862640
52615254
84605207
29138283
81861028
84700225
55194732
50701747
413892
13515825
96973704
94441265
84273488
13789924
25011790
29785429
65385372
84034737
73800761
94910887
32671377
92208943
57270182
63625397
18523679
9481765
52200280
98604877
5176240
75471148
6125337
56038880
80602753
43246895
85177162
14980132
27947120
92888245
65681878
80877363
6404070
15171933
75318628
43193909
28961857
52846769
25495689
94347228
36881505
99296450
41774466
22069233
44021744
99044647
38210981
15061774
8526412
90411261
13666651
13702651
18398760
72308339
69741530
99001512
15555234
7435044
66497995
96018705
52839640
84696225
29412419
11760061
99868157
57247398
54953969
81346365
10094166
32966010
28209944
46975670
32262459
22500761
69044902
28800554
74061760
59772235
43862328
35104523
2699847
10045330
1323525
21098606
34870020
71065055
72616469
2941605
31016450
39114463
51476661
36372441
23810687
80889080
48132502
76195196
38136477
3086470
10057912
48230643
88568831
90784208
47722664
73347641
13284968
69283918
2148195
39863079
29056152
98526874
74967601
31755998
8572203
76291126
52854603
95958574
99872532
77987423
98900179
30888981
69618237
50376839
67261421
93428924
31265918
15393922
22140471
21918747
70996744
84714734
22665741
12081926
75498941
70388404
85429567
41300261
39672321
40094113
81163339
21244824
38620986
56130940
53000821
99709540
84938417
58371775
95668113
84810948
36359197
94568291
15699928
58493786
97461482
35477700
4439061
81243751
3387974
26579531
3162497
26901069
63810616
25828237
38982994
39309557
48732993
76928912
33126169
40921665
17023024
66805859
62166489
55644009
75453150
15167309
7869900
60391566
26055436
56054365
45202513
14930984
50622655
13418792
73424769
600488
1412844
77863829
81844239
4800817
56959711
85006735
84218237
20770327
63351324
75717582
12596235
12084316
52646494
45722403
53005980
69669517
12528261
15172468
77829878
40497763
82856129
85699777
889328
8911564
41754141
46091841
76358899
44893148
59510632
49783668
45493635
60923475
27647496
79854225
18240643
37123559
64860960
54975231
57893885
80728635
30692813
70490119
92812950
35855658
68728873
98335281
5525174
33773485
66024101
35871403
74271247
1396581
74087532
75160575
62824496
68358024
73768767
39183394
65767523
33279398
88967061
11261158
46719225
69130909
91115382
17476219
6254467
8492693
72451450
16664703
89221327
55660614
39671173
34550628
91516271
8400045
85402261
49557796
42173529
51426361
37945551
68961128
52822941
12033082
96638054
68163788
80391105
70406820
7347181
46158628
56202569
48830594
9936137
55438145
70477854
53567870
72914364
29248672
14576915
97882165
45913374
56314593
6059130
85584546
90865221
50091752
46500942
76267481
52165899
41190822
80210193
90111449
10151949
85549485
2144530
6790002
53713272
35051987
29713173
13576804
33726966
85915742
62407397
96179454
41353886
32885250
2263675
66784601
14650273
16840589
64666765
60563646
73155182
70725894
98664543
16536754
73333997
45165484
45320586
25499896
38872658
25530778
15611344
49024606
11080262
70272226
8330960
17309885
57840564
38044132
30886688
91567529
76476225
45810437
40263334
17830111
31212038
42527008
84614711
45862311
59367597
1797828
58942308
85039130
25040073
10123203
54092235
98374070
7805038
99412820
23873965
46677695
77459949
39485308
48218653
41056562
9757533
56549612
58366446
67598096
47110095
41769485
11681976
23586320
87579921
51945309
41416430
18791959
46988669
78547492
17170621
6356265
80345319
76112928
43911746
5385392
86236130
98003980
56275813
94041168
49933151
80149777
40718862
27393099
19635084
41453866
68449660
81908969
98003477
26816105
2023416
97629924
21101941
66221744
21216243
8681862
70683404
15149024
27473820
17672072
46212867
44644440
76544688
26558186
73273719
20456433
84459929
59509849
70976764
40735741
6067368
20909914
73401869
99302581
819364
45553304
40756447
69269023
27462272
91276275
48601479
82002040
88906198
69703420
48223783
10122440
30901633
71423538
77787815
58375452
89095610
24000682
55536243
65640297
3075219
81326313
38613082
40051499
93352513
9589845
33303591
99419880
83016111
6705459
51238813
36351826
4775114
44511611
5620849
32237386
35787885
6738679
66755777
24694083
28958450
67495911
87332874
59860082
38919448
17637041
70751885
28015057
94154074
78804479
93655354
97229292
60130792
84784787
89797142
53483304
46890983
23100732
5419536
82423445
82322542
56658348
18775271
87097655
1169958
76912471
71851392
89474194
83651149
91123520
14168276
12609599
58619430
54017502
72469680
97538878
24170894
95737917
78070286
18324967
74542395
24241991
15554258
34673186
9026777
57867751
88156490
55917760
33484834
46092377
38341204
68323727
2750724
57116474
7937733
56437033
34028944
79789125
45911226
70196445
70912644
12595854
35322395
82048426
19129707
60308426
32103655
43300600
56046342
10173940
61625566
30588737
34415931
29696175
65261922
95959059
87563925
5934763
4393170
73565110
52027139
42734374
41888836
7294214
52367199
49826568
63731246
38912495
82132044
62158824
61625291
53044688
27271029
96947685
87609465
46400735
57256110
19713119
42217686
13302452
29887058
56359603
43891188
16819340
86055777
61669461
12778399
26136053
67604224
69687920
99701162
19631362
12422293
94106349
26925576
17305844
43932916
43173173
8734690
26064960
57848348
70359980
31625999
85119376
19824016
19235463
84036462
77080125
91464933
26254147
42898928
21351990
82613749
39306467
90687682
21185877
975928
55982432
99838281
68580151
25670351
52055794
40727864
90608996
46162142
20169791
60431191
42611410
15859316
69165880
68676369
73707663
92042211
52818719
11343391
11866226
72054181
95379852
41462702
63519113
21633999
36877982
37387454
56764099
76184448
80591487
30466328
77160375
36573918
30304608
98256877
14760621
82360402
91501093
5369616
81038895
11670883
65800806
23650304
80046550
87483037
44843024
53754213
32041599
97661742
65097603
96424176
22232274
12993806
90403229
38267738
34627804
27281210
75655192
43908255
3465658
56246678
74374582
33142384
45336948
57195541
31399261
60097568
92072294
22900353
17983535
25627541
87087587
36300692
49277844
67134137
23783728
94120868
73404701
55825326
44298961
91018655
4765853
66531235
4012460
95169081
4798972
91156616
22450291
32970515
87581222
78432300
41733545
14472155
11574683
87070492
71667695
42973943
99684411
16256341
18390647
17667945
41883881
57994586
53968636
43678076
77645074
30268715
37798943
51049774
38610392
34614256
42068428
43376244
1145490
98597239
38545324
5944461
89753854
13511966
91431328
29851427
91944265
33164872
44323581
3518948
20235363
15991276
99009242
19919773
84763968
69916241
90104069
26647848
27910826
44072704
70325923
5555899
26857770
60641218
9122024
65468161
95255473
3706803
61360756
48917314
2304041
99906079
7378126
44574247
65934397
98809453
74425673
57878661
31974324
18749254
61397608
4726038
87256881
12923202
77162162
72020848
82839442
67266230
51185047
10750267
63855285
74027321
68822517
90713054
87184890
77944540
8697566
34956714
81651342
70058321
83874027
83955382
22480752
43768505
81045980
88415148
42577957
55471653
46293808
27068633
26737258
60207768
31794670
66510490
73130969
8956832
38531337
55970410
76223061
42232735
19237028
92594698
16260055
88059544
83307751
3444945
66004083
44521669
38401658
47655424
14579989
74792037
84127157
89577092
18560541
65173137
77992239
61138497
73161141
76802399
88207129
99898398
37010166
72518151
18925239
10141134
81474982
9972927
18627895
10214394
52205661
37864922
2809091
20982067
25924465
38633194
24427011
44444899
83154862
15345021
92100322
50251202
42653409
28743830
39828294
61213949
93916966
17820532
74868797
19594458
94622930
15592278
72009207
84149447
88110428
90934445
46806932
22101761
907371
65434826
32316154
53113031
55816099
35125245
26611450
34256915
26274790
3554812
78701813
9429651
18899832
23318486
12197204
61553240
52062316
52025497
75283540
98495633
22362381
50152337
70606443
69501662
65744614
42615649
53651109
6371393
33550094
52974392
28473153
86973816
18409218
60789306
92603199
26741668
48430902
19214648
13514935
74705691
22769459
92216747
36651693
94185643
68051585
48848897
8255234
72630252
53390745
83538774
23642236
75753125
33691110
94248678
45254787
51952075
36864327
51422247
58323467
22930772
56912990
86796619
9904587
27838559
47585924
55024137
54580227
48533178
74238784
68095161
23238868
49524595
12828259
12406913
43710237
80879843
61255809
51965470
6026446
14646553
35504243
29668682
42916030
21711704
23917359
40687168
73663778
13298037
44625766
84503596
36228808
1538755
71300214
98649747
29377314
71402490
53673883
83957540
19935667
80429019
4569052
95690886
29953613
17397310
60614150
26180201
50793505
21869958
78145670
56819950
89032863
66166265
86488631
31948892
40394320
62922342
25152411
66574450
76220378
69778176
51078045
64965538
71316930
74894611
16131636
694243
46297100
22321870
37168134
18749118
2750888
41737185
66956355
85220852
11650847
27570505
11401052
62444351
1956814
42063074
71780652
90989676
8229338
10785635
75454919
48623657
73707976
607329
15198106
2444705
70385504
18792503
67410242
94218786
93687113
83541877
94913028
39984212
58380099
84597514
11249681
61130986
26334698
30722387
98868190
90501896
58292891
10269241
52946246
12766057
52332314
24726898
56272084
13078003
35512532
31727003
61701660
61736859
84850683
29416117
64181563
7752539
48208619
31591805
1971324
41895731
67650033
49400703
34396294
78546483
33998216
98162326
39677469
12849266
81401065
38545658
3351161
92210307
1331250
56297407
4976363
6179916
33540656
61248447
19257918
21569539
45491801
80959577
83306397
30342483
62892046
4311
38095021
63617016
84112467
40066344
58029099
4278852
89467047
44941744
82825334
23465262
95620422
22502802
88830879
77021486
13564811
92182040
69231792
67412413
995798
74208155
73592328
34536453
35456601
92850245
8622343
80948401
26326174
44445091
63807235
41734571
44449401
1902256
5351586
28561868
94484951
63380684
32840719
83951997
60838780
15666052
59933611
56459201
90685206
48764489
33480686
56766368
93462880
2712477
24178780
94458677
29436983
50287459
28995129
17409935
43137704
90133823
50874687
21980229
34578913
14681922
63714799
79028314
16584177
21582736
7590181
63585479
37479772
40430899
47537476
98318551
8613302
59987438
54777751
99298507
61268278
40774788
8581227
54731158
96003616
32760006
49189834
25440599
35563817
30701315
42850533
78701520
20835137
93725220
53198100
55414050
60923493
69429250
34442363
30024021
91011985
94548895
93609499
28491756
87496145
93663326
79326658
96109446
53650763
34104408
47924305
67435393
27395547
56505531
22166550
23399163
41781888
23872735
48839761
77345704
54574049
44206645
8563575
27925538
90448216
61761674
35855939
51371708
31190923
22814653
81395728
74719260
17363547
75005227
3211015
57376043
68668552
35054025
53485488
74835667
21674784
53926144
42271059
49070331
10431674
16953960
72469493
4729914
40826694
73825605
82075617
47917095
18032249
90639192
75842632
60996817
4917217
11698570
12368524
88624492
87029574
46280604
63343751
4393120
73802182
19071117
14285514
94987085
54125141
67771001
69822751
75799925
74213497
64610161
24870255
37161522
81564120
49856099
41891435
74907166
23681703
23967052
22824260
94230303
67122595
51183243
55227119
72039811
15398164
20111995
13180654
2427737
66392598
76524404
59337208
40194779
95595521
73622721
35181863
2237013
93910073
57520966
78036937
68123569
22131126
55423543
57801443
56211598
5279641
99692877
31118763
81477695
76176280
6459374
75707998
95815226
10158968
83451468
20371389
25557131
3563462
33552042
80501219
22472411
10076446
39838426
15183541
58188318
65977498
50365404
60425330
59887570
60402721
38462267
80527491
35050198
93885809
38328933
43778147
51681802
90538161
27413261
33159496
66714441
33872634
61383845
15046018
44031601
44835313
35417406
22105083
915126
68969448
2606301
23387537
31562245
94961078
38571077
89750562
60938575
41452832
50175891
20826145
54371904
41154509
53869987
89422102
87556670
92198919
85716600
39238471
82737079
13129861
72397966
1967871
99518846
33781811
17013889
43550447
78617123
4947646
18171881
32048600
73917093
20778182
7952488
57995689
68255611
99039917
47746250
29194186
40492748
50438493
2536682
47381004
44109353
56406668
89319457
31666022
1121938
75036056
70904492
83859016
88165916
43302458
38343239
87684762
77084268
7873479
83751560
8217742
12821124
1923440
92782693
39254569
75217973
735181
97250257
95989936
99775097
97512859
25184121
92784196
467703
27720802
40165199
44577055
36643821
29484655
76243077
37765758
57037063
47147568
21624773
45202978
42966377
12484363
85404091
72566996
20357841
21672002
33301089
85695317
76111794
26083782
24949885
51329766
26818962
74716493
47319701
26594058
24745703
25020173
71894605
25213405
5257326
12059804
69790460
41901146
94060810
98549888
79666903
51097872
45697455
53808028
48817202
41180184
18808742
86737644
13747179
39166583
8409646
47048268
77378251
84521439
73132049
2328135
88367556
52467362
29560979
88203609
31577771
54306682
13223781
3472375
32036438
18481107
68048530
1826897
12898604
62109340
52893136
45081859
65723563
98590591
98889886
67057116
92287126
17698627
53794760
6034304
9381561
62204405
5598923
86759811
46725843
78730971
41604297
35093398
83714684
23681628
23297006
15292454
77988309
89037139
18764829
10024746
60034597
39329710
64367995
72933200
1439049
17261130
18015058
19678964
68368072
69421295
86736079
60655197
39636274
93047190
19205853
49017834
55251594
24804775
88293997
54493788
56052098
82414645
42103538
39766781
6096272
17916895
55059235
84084580
6954033
26340415
46625678
66988629
65670124
63510024
92438181
19625525
33287505
62969590
39304488
1655577
32390885
78556918
14827125
72027158
71604108
34032977
73561343
79372053
11354104
14371691
33865841
67406201
96786336
75969378
7172981
2882607
93886272
14748567
39483539
53356657
41088981
38625568
72861637
59275457
2135591
17816169
78900981
35423095
80785759
70721820
89595023
65692995
1795089
4422148
90236504
73399196
90971476
16314198
5287601
2325579
30685889
91669793
22248131
27472224
67639170
81937464
82871182
14041793
96686030
22354720
19914801
37775011
60980287
45292790
97050467
15632229
63108958
28467799
51055324
43894716
99189618
93166698
62104062
984706
50105197
52340565
26900254
41076673
68654763
84704206
95918603
99340651
76373998
70683086
79329226
96529519
52620549
62200407
63087663
49306578
37071479
83002464
39597940
50568117
28295253
89164758
66200346
43920562
17632556
69772021
87815278
69338525
62938718
2435691
22839583
13043915
54776256
2256188
6636939
23431018
86960393
55071893
75288020
15850742
25754978
7133597
12380260
78375526
69334003
27984274
80198456
58921833
10986737
19796395
9489950
91798341
61477505
75690295
35718903
79110060
45462315
76050532
964937
60917384
78486222
76320871
73961298
85778829
78577058
33114588
61726198
18053802
88186481
89530569
86420895
13941458
96664165
98801154
44833336
18514520
26785427
25031791
77436352
90288516
97344537
39442653
34603208
58822041
15132947
22838462
90448453
13111613
51405345
91413389
74028997
82407919
20250611
506646
68186747
51344020
33621234
82429297
69397821
74324066
71959865
8335067
88265523
68624030
7136220
85615210
87138549
86437998
63163352
17091252
29242865
60507889
56533905
63846073
19329929
24183203
39200886
62294733
37294816
90606231
6224473
63840164
73014149
26475083
16863161
93717247
77819102
3000746
76146543
99733274
77324811
48106408
8068340
18106686
16730437
67720911
3721895
56385337
6675261
66885247
25992940
35918125
79909487
82526844
52280549
51755767
59226399
91481435
14050500
96521214
34604017
20274972
12877729
7618165
99266407
29740889
1335411
77085508
32741635
29998306
29335134
10066445
78104713
37403473
80689482
47351501
57640736
84411377
56253189
64315996
3812975
82246128
52750472
83722461
17289324
5031021
35478227
29032074
49028807
49528726
25553287
83632823
22320050
90947367
43767339
21586456
73204607
97619101
51188315
58462593
27617406
80523448
21045390
58238470
70443273
1734871
58106322
28084008
86146247
14359510
44916355
89959221
49121990
97666826
26198033
18927665
55214198
61676260
47959738
56759356
11204985
26029376
92908530
33525034
69493094
36675868
7627841
42697700
86811321
58816156
1160293
14428726
39339603
74722034
25183548
62299227
76456904
83289869
90383234
15119503
50165731
87815940
57595075
99287720
37999118
83793108
70731736
93213315
45469367
18691473
2489023
9190703
97237200
95397552
95232089
66730293
84589772
2859929
9427992
71401092
14192436
63104636
38346169
53532039
37826669
63529716
15831265
14283573
99335937
58730851
81919427
49501667
99063142
39514501
1305738
37062259
23307608
72037473
82791926
21293326
90728945
85280948
30484029
87966144
33194851
25716117
54696436
17784622
81092397
16640779
89185713
95284833
79745415
27531882
1333223
70088435
43577949
69680839
36888359
42913885
80928041
18807785
44931903
79991183
58322286
46237640
69569793
34146245
18275112
52361718
55439571
61520408
90159017
85923599
2002903
23353868
64156067
9215690
93654841
97764815
25856469
82840554
93049647
58118235
62888787
46899221
28206669
58983087
16580060
65095028
54413324
50024452
36419164
99345226
30015634
94741449
45582866
99585427
28887694
63857977
4463496
84327264
25378385
47138865
22767214
79897639
70492732
86923280
89113329
64147572
37204446
14969797
99504477
82770445
73088031
14909615
29669665
53811051
26409054
98766076
71422430
80822377
48790528
7841594
32683954
31322513
55099394
78266819
83424291
83987087
94641148
87887787
20830702
72535884
35026651
43597915
52433522
58035734
83037546
41546850
74699657
72758344
56516646
26720486
55528788
82121028
94146452
85198452
88448431
20555505
36480880
12387212
53894233
37787759
20228805
86578187
69110271
27844551
64845005
52534562
11831637
12002504
92938700
85178691
84538387
80481702
81292957
36971909
91033787
16846855
31035110
18249795
89605198
40068108
44970280
45133985
74705487
91633084
82848788
63153917
64704940
71846019
75541129
18599173
9633777
48286285
5177359
78744048
76130835
22538715
83794961
40478824
87057571
29250012
78173866
71595957
62248065
59466822
61084217
5798203
28830028
92119327
24047997
70951577
84703786
21534629
68601913
59409272
13167712
51450701
75079541
30389003
75813071
3137021
48988175
85446848
51423305
6681885
16707247
80070492
81736952
502207
73065667
68794522
82268570
51239532
92906830
44516634
63222705
53991047
50314836
92052733
98626725
26879184
63004309
83330510
48413812
31606222
95256133
14097875
35573274
70335673
44486878
11386344
73472693
45991404
49349543
24895998
52673289
66056789
57482841
86926592
66558995
30548507
55721113
1343916
34304390
48627942
45860549
97527094
55135340
48691736
42096178
6278416
75570920
5100487
42125277
76501083
89223060
37381410
90598958
77312685
7717082
87602187
88699028
33706127
33593590
90564923
11118476
86266878
56621711
68601316
73193469
75697058
51666174
81430933
77040973
85970563
82575227
75417874
36014008
90226918
24109609
78110186
96505334
52196880
35727024
91146962
81214315
24950083
28528371
71813272
2262767
88761805
11931810
43478146
22467931
45525399
34043068
33586406
84308629
90664779
54704073
10018449
18878188
6370246
91449382
95919160
44857160
26540960
23853385
80871167
16767877
479346
58981352
13273210
52676225
94708375
4420172
33890539
19658457
85464894
58220162
74437575
26743050
70151971
70432073
49210980
68193722
56991492
35313737
52502350
172622
90017809
62520798
19050809
48904406
6486531
14969969
93761565
33027490
38823353
74632732
49795367
39302698
33614083
15584928
44495275
80838810
72521451
30902165
53013618
10502697
41638679
27451193
37245746
64307001
50399617
86456726
32500722
7391108
74286814
37519423
7563730
16820975
40221
26614538
65725380
59043103
94100858
12003297
92070593
85440563
86636028
41865959
24743260
72766462
9967238
21754886
53605271
82488689
5173403
59135241
92991385
46812081
86586433
30237130
11119081
89502401
69210207
96136155
96893508
96013373
33655577
4457237
12834347
86212149
31071775
31076078
45255252
25172632
43079374
89842196
10613194
29715401
84224506
87872806
54998215
94191743
62144043
61119837
29196783
67317445
20255077
74704519
14129525
59357861
57458001
77764958
48860261
26668207
73901112
45753769
75197931
60073040
2727357
88032277
46285189
33799131
19108355
44056792
11488115
62187728
86415339
74617660
44419481
70639844
15006817
51934047
64831586
77150860
13053883
46544721
44468304
85825312
21249239
11114181
45183172
78707239
41395490
46559785
57891798
15296601
44829905
33089728
27885992
47557261
21122005
26687532
81356392
92746711
23260675
45360858
7450790
9676013
19978517
51870270
80315856
87501686
3804316
97663794
64652545
69374551
44208514
61637200
55199862
17974104
25267732
383033
96681343
66663221
99459169
7089492
34476173
44289073
40179219
14878517
91846334
13817575
41566048
25719077
59080637
64826723
71079934
66531427
74502735
43574802
18401696
7334943
31076487
74722364
57515088
48245383
44096914
1723601
62398935
99296775
72214056
40183018
52196159
21411750
6846239
51655328
28501241
93838763
48460752
68680460
8717279
40307085
35014386
2799679
66026161
94095023
67626401
89622446
60626449
94645487
33197248
31544496
54496781
16790086
6266859
12011868
17551821
2880124
66251820
32467107
2176898
38465876
72650124
6889409
59877625
32012714
11061088
88378866
25851477
59521839
9575677
87085107
99828924
97106414
89884785
18371436
91201436
10027537
7993882
4344236
57189376
93707481
35888732
11686156
63013918
94671942
23698024
80565738
97552066
42466195
65549196
99728963
80932070
38199320
59134723
93326047
70212033
70195810
34221264
48579861
29717649
43796940
35664968
82062924
40903353
78066104
434359
84621141
88093641
8428240
88965376
97799368
2135720
24854107
9485523
65149638
19526049
85699898
98231727
69594466
80682445
63780923
69323428
61614514
54496594
80974503
7456912
24708626
51170312
41678175
25804839
33404312
85475114
13986158
15467235
78894819
44568613
15901594
16032311
85178605
76846185
4997686
82977972
31498257
82368145
44979847
96647894
54410545
30679744
47395972
24005010
63878540
63693246
45844789
25493054
18189839
26819291
32949965
95414817
30505955
27144492
21219655
63910266
12619605
87722164
79377501
44030775
32290776
47795446
60063085
17469381
24641630
17577123
447352
56139886
99945267
45427198
5304131
6872163
28623294
5216455
30877172
92501833
68909700
29238312
70511238
87099539
56057603
55977555
35030707
39079909
83122046
8766713
2990174
48258002
96488876
34884026
44805129
81296003
82679471
57384565
98765383
7321101
74961687
51729087
15977338
27423305
49672636
21281469
34295467
30812281
26497923
17688990
75830466
47923974
46927302
98858055
87539864
55501256
54835609
22570570
94581164
90474006
31337282
50087689
91248360
80342509
84971715
88569840
14154864
67651185
45954404
12920246
27488637
20916091
17165684
43465975
855747
19354672
17263795
35151214
50166952
96278069
5356555
78513769
96718394
52283856
77371824
84258258
60301463
84723784
59345179
7398978
27714142
43198813
57486667
18962501
23541321
42458381
7532340
37696184
62625917
6003095
3132782
42630906
26919185
72814817
86096880
27774932
92169488
55877026
15442497
94852792
4671446
20799051
73366560
1389839
25599259
50738383
85648096
38417073
35462167
44993275
45816051
63176308
88192087
55819069
34655160
64249759
50793801
94703851
54462295
13419717
706945
10111428
8566974
80142482
82926244
94663853
60433765
75095732
3057230
28392613
69948523
7728675
49191663
43315082
9118514
27307273
46569817
94766609
65724346
34548335
92276235
64056748
50240994
32984673
19875816
84896153
97234432
70669616
32116355
4213078
36605684
32823299
14324505
45172658
65482132
97250748
92352862
25915896
24862831
95410092
6824860
47327705
55655118
56016523
43159139
64773631
35840147
89728955
12056592
54080844
76793641
56849178
18137591
27034634
89833851
38013406
64447138
39584634
61199373
96563492
43797711
50321409
81903142
10638567
48010418
99901626
60405666
92879631
78333873
85268497
40806074
85158733
32596201
96461192
93691607
28271691
13751174
29531753
70516997
25807765
83612597
47310637
35173295
1750187
74345270
25007145
92279945
38792407
17108130
5995669
87872250
60905840
8833429
22291744
71544406
56843846
22193369
31950071
2239829
53043593
69734919
43045902
38202325
54847472
39507093
31893931
83119162
5774619
61425684
53636159
84098735
97554632
946795
19272029
99304818
27808417
44279173
44101114
19117175
13903654
2613135
59505777
74809493
11446563
34313872
98870250
20806761
9023592
83336673
23046589
62067184
5587943
66092490
269509
60435414
58115935
32163439
96070928
16406905
46105474
2223438
505639
43660105
55686584
19777668
95481275
36011352
16573192
92098740
55128527
30476846
94711874
67150655
57802690
6158437
1464526
9189292
26965197
10488117
92525964
2528137
72555300
50630258
21136978
72824808
63582024
79252912
57504599
59652951
95659816
3610072
14392740
48681807
99786529
70079323
68459474
47784155
58607027
37549017
39882894
13735553
68025862
34594768
80886207
78344904
40753204
82350732
87534195
20234752
92838848
32576510
75279240
17910499
83206767
96416217
90735307
46788790
28185481
756257
58958092
76361648
56882680
25867183
25043454
56669208
48462858
46019279
4453362
7069884
83568296
44336256
73321788
4110509
31447375
54207994
82455412
24716930
89075077
69989606
44951681
34430276
55082467
72747272
52340774
38289234
69163488
95592432
37594375
49865320
96348688
49068819
26226968
53231368
27452353
3786773
9900575
75915210
49806052
66870289
82985093
85890699
63722896
56306880
90001207
95170270
63031225
72456619
19887199
4622653
94962576
17355231
39052928
50045043
90102502
91393702
40850628
11782341
39502485
30961354
61647661
35851173
32546524
40390980
89082540
59998877
44177752
51499466
35914086
46500155
70886106
71415531
32390853
34609001
80238762
22392060
29779270
95786339
47365030
49666468
408991
94843957
19538050
39461919
97405351
9640551
83371972
38255978
21422892
22874456
21733684
35586904
11241980
54280207
75977883
52840871
14279083
20155634
56856689
2709521
66655789
27742794
26641403
51562993
14868147
6880164
73955052
97163768
2666502
73836433
46830236
55591845
68680390
18884637
95053763
66085740
28525188
30942086
56858070
2464431
6332893
78591753
38051334
17574873
85388311
14029216
22932095
52183746
86701201
79788783
7409618
5873341
60047929
34051020
57436334
74916075
93447535
83907737
72079842
48630389
57744170
71426429
4222233
78940911
90311066
51792347
97543002
71352605
82734432
54401071
73817035
41583676
85509175
64384720
59158548
70897486
78413935
34606995
75597583
17631487
14395777
83007200
23504828
74443705
17058219
33457513
1876131
63022105
69881601
73955973
11652493
27625770
97898753
68391077
59083032
88209818
20183423
56626034
59562422
55434206
63543456
85895808
97017882
49052631
50280527
8692781
72466468
81210813
43299775
48064050
98842300
57695552
83587601
74863479
84655608
645819
60837343
86531739
16184275
30718943
13004063
27836768
10861065
10902815
96227844
69944096
51628985
16411267
79086481
63707758
24361824
42629937
49603566
21379705
44198919
52400444
30072486
16665386
33611257
25888612
17245787
84969908
36100515
833387
12349738
20756123
53995557
73187080
59804213
70179831
3906022
72808275
50532950
67283438
36227441
46760794
89743886
87856425
15688412
68830366
51564183
92566587
63976654
53684100
13946292
8175572
6084543
96535129
77357309
39695799
22423740
47119447
77182058
58524255
469185
89531795
31796729
6981093
62718874
91600941
77160924
19141248
16925567
80210225
38941037
53153007
26971018
28684922
41009432
95175781
50031640
45089966
87742368
14008293
98774065
54205011
74700217
4858607
3256491
4573877
97070758
25680230
4209676
26769167
36720836
4678860
16300962
21033916
11659953
31536187
12634856
41337228
3193786
82076774
21547452
42134823
35229781
1034822
70819744
28755564
48726954
73367735
73845529
88985673
39892380
72619593
95707035
14592596
29994551
98963525
71682824
79581660
77160107
75892499
6350827
13880942
33087711
22651788
34914858
97264015
6704326
66065
38601242
9898112
82142839
12665045
52032934
17372619
13699866
75369029
98644534
14943172
48736764
72490062
3928844
41145495
97626006
99635879
55738090
80136908
98599403
79937265
59718568
28275861
8346116
18585746
42156803
93950178
93753885
29588012
91214192
458210
29654076
82331785
62872673
64313266
94996829
14905606
34202236
61213047
42790987
32846769
76156218
44044102
5336830
32601413
85189596
55479187
84753643
93444037
35616095
35869398
25897653
47851014
64145258
34243768
66436759
6302060
28193945
60190643
88406423
19408136
13165204
18060499
54256272
76037877
34890116
49253101
43459834
69092352
10466147
86250820
1939120
39138716
82811273
59792302
24256480
68000868
15271488
9010123
13961256
3403934
44879520
39858909
51254947
9024777
74102676
17691705
67843189
54812973
30398699
56249611
26737460
96080255
26826461
80993732
72118131
61716577
30246832
15577964
30808928
93229330
54345136
85264399
84884397
37156408
45056700
9140876
57673628
60328188
18150998
71634883
63732121
15546869
11493791
14987068
77087998
38112819
85195124
44931186
92925791
68110175
53697148
19663250
64190429
33039961
53173333
88824911
47272889
35936516
56919226
78081816
81682197
11264361
15862566
66566593
937121
60919266
28223821
58610748
21247453
46374818
82761982
37495925
14438039
46772125
4999344
91526036
84884943
42710820
36457221
30327085
10820994
42670720
2506686
27527774
75710680
55680019
16352684
22983568
91616534
73271909
53581735
73298731
37052622
69444301
39865323
37989742
30363566
20605495
49116841
4127370
19496665
84395174
41623294
33934703
31167298
99138990
25460738
68568592
41849809
14434310
98895676
52670802
9621381
1402362
32714927
85332061
57082380
49067610
60831980
1215265
74855870
14413715
74513995
11908491
36374367
66895670
2414584
19254284
87501164
4047776
23381653
6997828
88442950
17521298
93448882
72126599
16660287
18909619
40695191
58510095
85860280
39590866
63697248
95481661
93509579
96412174
80813721
50591958
45479783
94162052
51807223
72852005
8575766
78837569
84760495
97466484
45733238
39691431
16720767
85750754
43739206
92618771
45264933
84698507
10140069
38713815
56825106
79316707
10139785
97520296
37826802
96000065
89627513
54040401
91481725
83137092
50452575
24811797
86245401
48448709
18973848
90568975
21300713
80065966
69406544
58577560
77532449
67656133
50785342
46769568
5923238
47040899
39388338
51188171
31739406
2044758
89901985
88564511
81361465
41769
38601158
71704618
48558185
28228670
25745018
40039909
63882113
28713944
17368057
50127514
77162653
88858257
40696488
50979717
68924222
10103031
62073628
98973022
30275516
65375321
45742589
36198753
12416220
37647279
87386923
44155625
39692036
29805259
85236487
21053500
29847028
23837644
92758117
78405212
4582665
71019487
70961473
68464778
99733430
88329529
18592291
29412434
29704137
59288778
32908503
98628358
21908161
47498482
50117732
52183676
12873803
48376672
88382428
25290022
86023950
75769351
21961998
25715986
58090961
7198484
99285837
87937988
31036127
44560306
18859552
35618791
15579792
42337376
56599920
15313221
83183256
75192210
97242007
12887393
86997340
30150509
64032102
8905500
77648990
14149833
61089175
90522792
15042857
1987954
68329165
1066806
30273656
90291162
79299143
88364617
97489645
31101332
28818956
81042123
75661637
47678507
69177266
91241428
42532234
25777185
59071000
25715490
53485747
8829358
38602882
40483086
38979866
2634983
49388585
69145208
69301168
62994111
59667999
84344024
17498416
80513516
37927181
47772072
70804677
69742676
88653040
20810674
844007
17471995
1852796
76505643
17666854
23546413
20263422
60199087
1839950
31850773
38430928
55325696
40680131
77033809
95808781
32176348
32185144
97713717
1321555
1486311
13224179
13505906
38346686
30722594
94019421
76273866
31011017
17340449
98532893
72180408
38151122
99376899
42168755
92520270
28398893
59835608
16066682
1178666
72551046
17906631
33029439
10981974
73232326
26225921
88015782
21557458
10918620
72717277
19271174
12240175
26719939
85011704
78262432
65066624
68250650
24798204
93856842
51778018
42138652
92389734
23958426
80289774
91766633
66127180
72810043
72681877
78479139
88876724
73860543
51030184
59299707
59406333
14528509
32532032
38148605
55060643
6605842
49067224
27777919
25877015
13823750
54497858
63405071
44602533
19564481
31655720
69400736
65937674
35950089
11539388
58327408
12424866
91829161
2610392
78552045
17155555
75292268
9547535
6032278
1669162
60577719
17848336
13591846
75106227
50380368
51740450
82683221
56986209
53324026
10461140
35379575
67147775
64958997
51300997
64266660
37039829
35473068
33667395
55493855
71423157
45206782
13821262
83848022
89552294
68948005
14916419
6707848
96756624
24463953
65256478
98425786
37558023
83104813
12017631
65180602
33485180
16274433
47863822
42987740
69598458
58324961
30883667
89262584
75800309
82184663
53529243
65356490
17657731
87196638
20850344
89080887
84919771
87187957
25445260
74472065
8652313
40361678
81179912
5408936
64825631
46436389
56351073
54900005
29541202
20885056
20080606
15542733
37159488
67944428
11046825
6757945
78785740
41930491
48536880
54586049
24115153
54582475
72458890
41772883
41779112
45825585
83370121
79215234
33013541
8815381
53687298
41665853
1693410
87383562
99591140
19035392
33819950
55942213
73935397
15877503
76827268
94016002
31420236
13986755
14476781
94983412
73261051
93262521
36913902
74314282
364921
61029054
28896756
72823810
55318289
23192219
18649394
91204761
2407453
4179286
52536493
56094750
98361490
6746255
95994663
97952629
25781646
29814613
53894841
99717042
98208467
30722108
46249396
82145054
97225214
60726176
77128465
23002616
6505048
14042366
97316898
59386320
27587772
26213653
32210129
35422412
49405872
3375874
26627172
51813324
60071511
31680017
60424425
58433000
38426271
56419088
8901981
64207916
38750052
62796821
16441310
36958518
46035281
15207057
71619924
95776846
28449584
48748388
18779462
34954632
62790754
16096359
94340951
42894877
42310011
79067432
78317288
44232234
34959657
57460811
48561909
47547520
89140827
8986334
58496871
80083449
17921773
67398851
96807717
56671824
82712024
13249026
46146693
81263656
28456082
17766616
77040501
56905665
19031356
48336314
44376648
34338461
16949024
91233951
77233337
11775387
22817734
8066976
56007620
57777390
65527786
4569529
5324909
7184965
66072214
16338132
39784765
83993986
83736982
36592481
93182161
66449005
49841506
91845205
229012
30813939
9611821
77269513
40235956
81159528
78122178
84612603
15497988
95071202
75846553
92731324
6846588
98664286
798299
62854207
8958028
18842436
19940087
66799288
78543752
86012300
83137419
18328517
22522637
19390753
54920997
15704797
38356109
57278855
7550002
38585121
88092793
69678174
68370985
80845100
50837701
46493162
65457703
18852040
41564363
93820607
11583363
48410950
45001245
64898013
63781509
6475624
83740448
83721595
25791263
62284200
69733895
61445034
33129068
92256531
80835786
88050064
60477680
19191894
97845270
20544033
57777014
38454415
42738558
26147998
19299514
46092610
25157512
37273568
64944649
66721874
31094175
76528011
67649176
28611771
93942375
31430684
87603746
77682822
67668630
13395008
92483373
89918876
74840041
25612440
82175407
8192178
66178856
95169438
27384072
64024125
15713470
37677437
2478539
10968379
16341787
74294405
57060988
41499298
11567972
22005636
60737523
95178498
51049998
28386698
23790268
44992372
12333733
63910365
75191545
80002363
29821725
20191270
22437590
4661765
45803709
4612996
12853943
64498916
52298785
92754366
81039393
20528606
30431802
36034283
31496984
46773588
10328687
88557971
40789237
21896659
63079958
1526760
17075156
14129955
82429809
93381776
11638678
47279894
57292140
86830223
27282256
39630216
7021492
2236197
44291981
5341552
6849193
9662275
22356820
11664329
2416640
3396212
32192935
85364793
91946846
63689918
32138381
2275533
4764241
25443969
24172191
67844198
26970728
93763698
34490505
9400537
87145473
98645534
56680430
96953965
37992108
36479037
36584180
45013599
38715233
33392512
2871503
98080777
95571138
77744674
9745106
97987777
33657237
94454392
35868922
25604082
58144309
20523654
27879614
62908549
45967622
4568156
30752747
72938350
50848206
17759603
34855238
90510030
16405136
44052019
87463994
54397244
33047407
76564526
51927194
24278991
62473389
7315048
22359768
58044527
85059721
84621225
8548655
18716957
79075616
96933928
96837391
89736276
17457581
77233356
52644825
63425203
81801512
35913923
36363552
32649717
6189877
23735141
23159746
22595012
67787159
63140092
29508607
53350917
92220969
81435801
77629907
7210709
41267200
52506026
17771587
26326921
37127250
78836594
97560229
68719217
75770521
46913971
10971845
93228102
24147327
63616669
56653304
58465190
52046943
45533207
43631258
10753171
21784699
19307355
33348182
42088209
82447446
15373141
95439125
27184766
96808941
73069031
86911827
38076140
25575057
4683413
16919412
15218658
83520006
66995993
36454227
11806879
13909963
47426071
5034980
90573641
63559091
14204635
49038830
15606033
59737841
92670087
26359203
81522539
11977442
12223736
76127099
46941239
27596876
71566223
26642357
76922168
44635253
13554183
67514660
22726661
70753947
84434071
90461671
54273953
3946415
26915897
66080831
70372730
74341967
23632162
60946370
37901057
37836796
9985200
6023441
50090988
55171638
84898995
84129878
67149079
97122730
60256976
66606670
77235958
31823198
93249026
54158125
28974802
6803208
21672784
51701463
30073506
58623207
42163133
36863810
15085973
21595381
55460992
85458702
95937347
79093153
46405072
86354755
16929948
8906623
92378195
67020935
64078260
77277189
51150812
31227339
26916270
63924139
50350360
4152227
95747336
43599385
10826704
24722138
2918944
32499487
28939952
32992449
43639045
23619436
69856259
58725018
45214816
25317250
44183719
41152162
56926755
43105142
27506916
26373054
52011764
72401462
93393989
16090024
49678650
97061152
99833714
76594919
60985291
50184073
33263498
9248978
46299809
44090201
33971115
49218752
29106039
15427418
34727552
72745084
39046853
57100162
83986453
84261668
82417412
28170171
77930181
91860518
23791665
57953448
18233571
75803428
30354909
64143911
44409803
32549910
61205063
96759868
61661181
74706705
46943940
94924678
36472034
45760100
91531230
22959501
94978851
20637268
38386918
82222755
45898703
29950123
39322916
29885155
66728142
74256679
10571678
44658323
66117196
34363342
55128122
84350767
62683121
37999383
48494677
7092924
23065644
62216091
3852791
84726824
89439147
3313083
32167853
25911181
49073182
23699082
48870681
96568385
96852702
87257598
78791139
42751404
69724072
18114054
25152911
36452214
92370733
35724588
33626888
58487928
70087929
41271361
42838694
32771049
79270743
43849723
92380324
2336387
6065813
96233115
39579562
95504960
52062549
71747415
21416140
1135730
47962848
22803172
97704114
44815549
62577121
76495252
40083305
32301193
47125658
65236215
68753406
39496390
960802
2380293
50500669
23565082
43651653
45855715
8852482
75438748
89705437
1232806
30291486
48287601
49982272
69871047
43792560
2044820
41618461
17725051
3180549
42097661
40528222
53401015
86913209
3105343
82412618
26996513
87922887
29538275
44749079
56676292
21551016
45709880
11572936
24568037
21791313
7740940
70423751
30643795
35696039
12645539
31876600
65987524
60933139
34375223
35858571
57242051
36420042
29993383
27483453
92116942
72091043
20528027
98034308
59004252
76149721
80446926
38517116
64072607
9985200
83266195
20748898
84052568
81492426
84838185
8620604
3283739
45095476
79044354
33927533
80791515
44206244
18320484
46779038
57655734
52695706
82637608
67414136
41632099
12630991
94897589
86265392
84722033
15425615
84299700
96242636
44091687
64746625
87276104
8164293
27248176
70542298
81429542
11300743
4551075
66267726
72437698
7834813
11363201
3998403
41762345
92154715
48204646
12599180
91450105
58376732
17811237
74087712
25790867
59443335
39235054
20688455
45708727
76473439
88630421
82524778
25232426
32722107
47271402
12508529
93402751
27035929
35567178
74832292
90853024
40118253
93616369
63290721
47953065
4979570
67289124
42231762
49650636
68010121
54830941
93617092
26386852
72642178
20221156
52177719
84601864
59456209
25382525
82826942
88445999
66529298
65351719
13678425
51767756
65139472
26186953
45170507
92175401
61754131
72519150
83028424
1872383
66135519
98835496
2341799
23631440
18640971
44573560
25798427
86651092
51920853
19415519
65554295
77079382
39636674
70248365
61681245
51609234
95630890
44508187
40055233
14676539
62376257
6250009
66444294
27515729
84953313
64131152
72207481
46707443
36650302
7752256
1096177
2785820
6587751
55954328
78933611
25228722
527887
4732037
64396165
52448739
24147555
82466811
29528120
16300580
52715176
43725717
20426166
862417
40750255
60481398
15538955
3126511
19247758
34499600
83158591
4201070
98630752
55366071
3424865
35281053
63118326
57037393
90583224
22222429
12991720
69516834
99967502
13519607
26765222
16880018
18484697
3429129
99346828
529169
19729708
4578355
44254885
40155873
5440771
37521491
53153622
73496077
40648001
72401379
60512029
23806592
29118801
59142780
31689014
32543665
46940184
47323692
42097409
90039759
69546120
55089129
12072944
69513621
21125087
38838165
38909990
39609783
42267293
38256817
92655303
61997001
42835172
89426539
54669225
792294
26948029
60339199
26804723
67596030
32740577
87316751
43918973
14375729
98975882
28124338
99435745
45916065
75448029
41533154
88472175
97510500
96622282
545118
19540472
17747368
39383282
58450461
9873502
81650575
96707278
55045157
96163927
92058801
44471695
3349503
45367446
71419724
63688701
24688520
39015753
48945630
12005270
35451077
63321358
63497503
63575414
62757103
9413567
91539795
4290256
50402093
89050294
53428889
50947210
8590766
23692608
90330492
19557578
86082461
24497418
16264855
41127617
20661344
60840007
85599312
24010846
58723805
57019035
40215899
83412324
48551139
89161528
95417594
36518567
52482885
11431448
52610332
67756339
20845015
44150126
24562946
23763459
85716772
77991834
74710669
46823889
54200793
65041160
66381466
40283254
89538577
35162673
33927222
62716272
48519031
19526533
39243469
7242835
29061919
79459367
90655159
30129409
68620894
38589104
66647975
73620131
50020551
19258307
41376469
23381917
15924784
65939415
47145376
1641555
96447600
21856044
48465443
50648393
39413555
67363261
43447998
81468483
2525933
77375219
96701106
51044963
49418104
35944574
58287798
78480022
67920293
1459308
8609431